# Pareto front points: solution index, citizen satisfaction, alignment
1,46731.0,13.13945
2,49783.0,11.793989999999997
3,48367.0,12.88738
4,49384.0,12.59354
5,46849.0,13.096409999999999
6,49313.0,12.67013
7,49524.0,12.22439
8,48369.0,12.8779
9,49737.000000000306,11.86227000000008
10,48981.0,12.83379
11,49693.0,12.05567
12,47954.0,13.08088
# Nash solution index
10
# Kalai-Smordinsky solution index
10
# Szymkiewicz–Simpson coefficients
# Nash vs citizen satisfaction
0.975
# Kalai-Smordinsky vs citizen satisfaction
0.975
# solution index , list of selected proposals
1,2,3,4,5,6,7,8,9,10,11,12,15,17,19,20,21,22,23,24,26,27,28,29,30,31,32,34,35,37,38,39,40,41,42,43,44,45,47,48
2,2,3,4,5,7,8,9,10,11,13,14,17,19,21,22,23,24,25,26,27,28,29,30,31,32,33,34,35,37,38,39,40,41,42,43,44,45,46,47,48
3,2,3,4,5,6,7,8,9,10,11,14,15,17,19,20,21,22,23,24,25,26,27,28,29,30,31,32,33,34,35,37,38,39,40,41,42,43,44,45,47,48
4,2,3,4,5,7,8,9,10,11,12,13,14,17,19,20,21,22,23,24,25,26,27,28,29,30,31,32,33,34,35,37,38,39,40,41,42,43,44,45,47,48
5,2,3,4,5,6,7,8,9,10,11,12,14,15,17,19,20,21,22,23,24,25,26,27,28,29,30,32,34,35,37,38,39,40,41,42,43,44,45,47,48
6,2,3,4,5,7,8,9,10,11,12,13,14,15,17,19,20,21,22,23,24,25,26,27,28,29,30,31,32,33,34,35,37,38,40,41,42,43,44,45,47,48
7,2,3,4,5,7,8,9,10,11,12,13,14,17,19,20,21,22,23,24,25,26,27,28,29,30,31,32,33,34,35,37,38,40,41,42,43,44,45,46,47,48
8,2,3,4,5,6,7,8,9,10,11,12,14,17,19,20,21,22,23,24,25,26,27,28,29,30,31,32,33,34,35,36,37,38,39,40,41,42,43,44,45,47,48
9,1,2,3,4,5,7,8,9,10,11,13,14,17,19,20,21,22,23,24,25,26,27,28,29,30,31,32,33,34,35,37,38,39,40,41,42,43,44,45,46,47,48
10,2,3,4,5,7,8,9,10,11,12,14,15,17,19,20,21,22,23,24,25,26,27,28,29,30,31,32,33,34,35,37,38,39,40,41,42,43,44,45,46,47,48
11,2,3,4,5,7,8,9,10,11,13,14,17,19,20,21,22,23,24,25,26,27,28,29,30,31,32,33,34,35,37,39,40,41,42,43,44,45,46,47,48
12,2,3,4,5,6,7,8,9,10,11,12,14,15,17,19,20,21,22,23,24,26,27,28,29,30,31,32,33,34,35,37,38,39,40,41,42,43,45,47,48
