# Pareto front points: solution index, citizen satisfaction, alignment
1,48764.0,31.05420000000002
2,48872.00000000004,31.015940000000015
3,48899.0,30.98709000000002
4,49963.0,30.98422000000002
5,50061.0,30.95727000000002
6,50114.0,30.945570000000018
7,50259.0,30.94011000000002
8,50308.0,30.90452000000002
9,50571.0,30.902930000000016
10,50648.0,30.870130000000017
11,50827.0,30.86626000000002
12,50981.0,30.864280000000015
13,51004.0,30.84864000000002
14,51067.0,30.831480000000017
15,51111.0,30.794300000000018
16,51370.00000000001,30.794300000000014
17,51400.0,30.79043
18,51520.0,30.774790000000007
19,51583.0,30.757630000000017
20,51666.0,30.750190000000018
21,51672.0,30.730680000000017
22,51735.0,30.713520000000013
23,51984.0,30.693500000000014
24,52182.0,30.676340000000014
25,52268.0,30.643540000000016
26,52669.0,30.579410000000017
27,52967.99999999937,30.4653200000008
28,53081.0,30.401250000000015
29,53178.0,30.380160000000018
30,53196.0,30.341970000000018
31,53219.0,30.326330000000016
32,53294.0,30.31502000000002
33,53845.0,30.309170000000016
34,54086.0,30.245040000000017
35,54149.0,30.227880000000017
36,54192.0,30.150970000000015
37,54380.0,30.130950000000016
38,54578.0,30.113790000000016
39,54600.000000000015,30.069680000000034
40,54628.999999999985,30.027410000000003
41,54679.0,30.016860000000015
42,54692.0,30.010250000000017
43,54826.0,30.00753000000002
44,54831.0,29.97275000000002
45,54833.0,29.968880000000016
46,55006.000000000146,29.931700000000124
47,55013.0,29.918410000000016
48,55021.0,29.893440000000016
49,55041.999999999985,29.893439999999995
50,55194.0,29.881740000000015
51,55435.0,29.817610000000016
52,55498.0,29.800450000000016
53,55548.99999999986,29.71406999999983
54,55693.0,29.686360000000015
55,55741.0,29.643320000000017
56,55804.0,29.626160000000016
57,55897.0,29.580000000000016
58,55898.0,29.525360000000017
59,55961.0,29.508200000000016
60,55989.0,29.425690000000014
61,56060.00000000001,29.421820000000018
62,56245.0,29.329980000000013
63,56305.0,29.312820000000013
64,56403.0,29.307360000000013
65,56427.00000000001,29.226440000000025
66,56444.0,29.182330000000015
67,56561.0,29.11235000000001
68,56578.0,29.068240000000014
69,56601.0,28.944720000000014
70,56646.0,28.894770000000015
71,56651.999999999985,28.830630000000024
72,56673.0,28.747220000000016
73,56700.0,28.736610000000017
74,56718.0,28.732280000000014
75,56745.000000000015,28.682330000000032
76,56798.0,28.670130000000015
77,56848.000000000015,28.65297000000002
78,56861.0,28.631480000000014
79,56875.0,28.614320000000014
80,56878.0,28.587370000000014
81,56939.99999999999,28.48544000000001
82,56979.0000000003,28.4404300000005
83,57005.0,28.423270000000013
84,57076.0,28.396320000000014
85,57083.0,28.351830000000014
86,57171.0,28.307720000000014
87,57198.0,28.302260000000015
88,57258.0,28.087270000000014
89,57265.00000000072,27.95027000000073
90,57283.0,27.911180000000012
91,57302.00000000001,27.73961000000002
92,57317.0,27.739610000000013
93,57349.0,27.66187000000001
94,57355.0,27.543080000000014
95,57372.0,27.45165000000001
96,57392.0,27.434180000000016
97,57416.0,27.380210000000016
98,57421.0,27.367070000000016
99,57463.0,27.337710000000015
100,57513.0,27.320550000000015
101,57526.0,27.29906000000001
102,57578.0,27.113470000000014
103,57589.0,26.97289000000001
104,57602.0,26.95140000000001
105,57612.0,26.781800000000015
106,57622.0,26.76581000000001
107,57637.0,26.67933000000001
108,57698.0,26.60360000000001
# Nash solution index
52
# Kalai-Smordinsky solution index
51
# Szymkiewicz–Simpson coefficients
# Nash vs citizen satisfaction
0.9518072289156626
# Kalai-Smordinsky vs citizen satisfaction
0.9518072289156626
# solution index , list of selected proposals
1,1,3,4,5,7,9,13,14,15,16,18,21,23,24,26,27,30,31,32,33,34,35,36,37,39,41,42,43,44,45,46,47,48,49,50,51,52,55,56,57,61,62,64,65,66,69,70,71,73,74,78,79,81,82,84,86,87,90,92,93,94,95,97,99,100,101,102,103,105,107,109,111,112,113,114,115,116,117,118,119,120,122,123,124,127,130,131
2,1,3,4,5,7,9,13,14,15,16,18,21,23,24,26,27,30,31,32,33,34,35,36,37,39,41,42,43,44,45,46,47,48,49,50,51,52,55,56,57,61,62,64,65,66,68,69,70,71,73,74,76,78,79,81,82,84,86,87,90,92,94,95,97,99,100,101,102,103,105,107,109,111,112,113,114,115,116,117,118,119,120,122,123,124,127,130,131
3,1,3,4,5,7,9,13,14,15,16,18,21,23,24,26,27,30,31,32,33,34,35,36,37,41,42,43,44,45,46,47,48,49,50,51,52,55,56,57,61,62,64,65,66,68,69,70,71,73,74,78,79,81,82,84,86,87,90,92,93,94,95,97,99,100,101,102,103,105,107,109,111,112,113,115,116,117,118,119,120,122,123,124,127,130,131
4,1,3,4,5,7,9,13,14,15,16,18,21,23,24,26,27,30,31,32,33,34,35,36,37,39,41,42,43,44,45,46,47,48,49,50,51,52,55,56,57,61,62,64,65,66,68,69,70,71,73,74,78,79,81,82,84,86,87,90,92,94,95,97,99,100,101,102,103,105,107,109,111,112,113,114,115,116,117,118,119,120,122,123,124,127,129,130,131
5,1,3,4,5,7,9,13,14,15,16,18,21,23,24,26,27,30,31,32,33,34,35,36,37,39,41,42,43,44,45,46,47,48,49,50,51,52,55,56,57,61,62,64,65,66,68,69,70,71,73,74,77,78,79,81,82,84,86,87,90,92,94,95,97,99,100,101,102,103,105,107,108,109,111,112,113,114,115,116,117,118,119,120,122,123,124,127,130,131
6,1,3,4,5,7,9,13,14,15,16,18,21,23,24,26,27,30,31,32,33,34,35,36,37,39,41,42,43,44,45,46,47,48,49,50,51,52,55,56,57,61,62,64,65,66,69,70,71,73,74,76,78,79,81,82,84,86,87,88,90,92,94,95,97,99,100,101,102,103,105,107,109,111,112,113,114,115,116,117,118,119,120,122,123,124,127,130,131
7,1,3,4,5,7,9,13,14,15,16,18,21,23,24,26,27,30,31,32,33,34,35,36,37,39,41,42,43,44,45,46,47,48,49,50,51,52,55,56,57,61,62,64,65,66,68,69,70,71,72,73,74,78,79,81,82,84,86,87,90,92,94,95,97,99,100,101,102,103,105,107,109,111,112,113,115,116,117,118,119,120,122,123,124,127,130,131
8,1,3,4,5,7,9,13,14,15,16,18,21,23,24,26,27,30,31,32,33,34,35,36,37,39,41,42,43,44,45,46,47,48,49,50,51,52,55,56,57,61,62,64,65,66,69,70,71,73,74,78,79,81,82,84,86,87,88,90,92,93,94,95,97,99,100,101,102,103,105,107,108,109,111,112,113,115,116,117,118,119,120,122,123,124,127,129,130,131
9,1,3,4,5,7,9,13,14,15,16,18,21,23,24,26,27,30,31,32,33,34,35,36,37,39,41,42,43,44,45,46,47,48,49,50,51,52,53,55,56,57,61,62,64,65,66,68,69,70,71,73,74,77,78,79,81,82,84,86,87,90,92,94,95,97,99,100,101,102,103,105,107,109,111,112,113,115,116,117,118,119,120,122,123,124,127,129,130,131
10,1,3,4,5,7,9,13,14,15,16,18,21,23,24,26,27,30,31,32,33,34,35,36,37,39,41,42,43,44,45,46,47,48,49,50,51,52,55,57,61,62,64,65,66,68,69,70,71,72,73,74,78,79,81,82,84,86,87,90,92,94,95,97,99,100,101,102,103,105,107,109,111,112,113,114,115,116,117,118,119,120,122,123,124,127,129,130,131
11,1,3,4,5,7,9,13,14,15,16,18,21,23,24,26,27,30,31,32,33,34,35,36,37,39,41,42,43,44,45,46,47,48,49,50,51,52,55,56,57,61,62,64,65,66,68,69,70,71,73,74,78,79,81,82,86,87,88,90,92,94,95,97,99,100,101,102,103,105,107,109,111,112,113,114,115,116,117,118,119,120,122,123,124,127,129,130,131
12,1,3,4,5,7,9,13,14,15,16,18,21,23,24,26,27,30,31,32,33,34,35,36,37,39,41,42,43,44,45,46,47,48,49,50,51,52,53,55,56,57,61,62,64,65,66,68,69,70,71,73,74,78,79,81,82,84,86,87,88,90,92,94,95,97,99,100,101,102,103,105,107,109,111,112,113,115,116,117,118,119,120,122,123,124,127,130,131
13,1,3,4,5,7,9,13,14,15,16,18,21,23,24,26,27,30,31,32,33,34,35,36,37,39,41,42,43,44,45,46,47,48,49,50,51,52,55,57,61,62,64,65,66,68,69,70,71,73,74,76,78,79,81,82,84,86,87,88,90,92,94,95,97,99,100,101,102,103,105,107,108,109,111,112,113,114,115,116,117,118,119,120,122,123,124,127,130,131
14,1,3,4,5,7,9,13,14,15,16,18,21,23,24,26,27,30,31,32,33,34,35,36,37,39,41,42,43,44,45,46,47,48,49,50,51,52,55,57,61,62,64,65,66,68,69,70,71,73,74,76,77,78,79,81,82,84,86,87,88,90,92,94,95,97,99,100,101,102,103,105,107,109,111,112,113,114,115,116,117,118,119,120,122,123,124,127,130,131
15,1,3,4,5,7,9,13,14,15,16,18,21,23,24,26,27,30,31,32,33,34,35,36,37,39,41,42,43,44,45,46,47,48,49,50,51,52,53,55,57,61,62,64,65,66,69,70,71,73,74,76,77,78,79,81,82,84,86,87,88,90,92,94,95,97,99,100,101,102,103,105,107,109,111,112,113,114,115,116,117,118,119,120,122,123,124,127,129,130,131
16,1,3,4,5,7,9,13,14,15,16,18,21,23,24,26,27,30,31,32,33,34,35,36,37,39,41,42,43,44,45,46,47,48,49,50,51,52,53,55,57,61,62,64,65,66,68,69,70,71,73,74,78,79,81,82,84,86,87,88,90,92,94,95,97,99,100,101,102,103,105,107,108,109,111,112,113,114,115,116,117,118,119,120,122,123,124,127,129,130,131
17,1,3,4,5,7,9,13,14,15,16,18,21,23,24,26,27,30,31,32,33,34,35,36,37,39,41,42,43,44,45,46,47,48,49,50,51,52,55,56,57,61,62,64,65,66,69,70,71,72,73,74,77,78,79,81,82,84,86,87,88,90,92,94,95,97,99,100,101,102,103,105,107,108,109,111,112,113,114,115,116,117,118,119,120,122,123,124,127,129,130,131
18,1,3,4,5,7,9,13,14,15,16,18,21,23,24,26,27,30,31,32,33,34,35,36,37,39,41,42,43,44,45,46,47,48,49,50,51,52,53,55,56,57,61,62,64,65,66,68,69,70,71,73,74,76,78,79,81,82,84,86,87,88,90,92,94,95,97,99,100,101,103,105,107,108,109,111,112,113,114,115,116,117,118,119,120,122,123,124,127,129,130,131
19,1,3,4,5,7,9,13,14,15,16,18,21,23,24,26,27,30,31,32,33,34,35,36,37,39,41,42,43,44,45,46,47,48,49,50,51,52,55,56,57,61,62,64,65,66,68,69,70,71,73,74,76,77,78,79,81,82,84,86,87,88,90,92,94,95,97,99,100,101,103,105,107,109,111,112,113,114,115,116,117,118,119,120,122,123,124,127,129,130,131
20,1,3,4,5,7,9,13,14,15,16,18,21,23,24,26,27,30,31,32,33,34,35,36,37,39,41,42,43,44,45,46,47,48,49,50,51,52,53,55,57,61,62,64,65,66,68,69,70,71,72,73,74,78,79,81,82,84,86,87,88,90,92,94,95,97,99,100,101,102,103,105,107,109,111,112,113,115,116,117,118,119,120,122,123,124,127,130,131
21,1,3,4,5,7,9,13,14,15,16,18,21,23,24,26,27,30,31,32,33,34,35,36,37,39,41,42,43,44,45,46,47,48,49,50,51,52,55,56,57,61,62,64,65,66,68,69,70,71,72,73,74,78,79,81,82,84,86,87,88,90,92,94,95,97,99,100,101,103,105,107,108,109,111,112,113,114,115,116,117,118,119,120,122,123,124,127,130,131
22,1,3,4,5,7,9,13,14,15,16,18,21,23,24,26,27,30,31,32,33,34,35,36,37,39,41,42,43,44,45,46,47,48,49,50,51,52,55,56,57,61,62,64,65,66,68,69,70,71,72,73,74,77,78,79,81,82,84,86,87,88,90,92,94,95,97,99,100,101,103,105,107,109,111,112,113,114,115,116,117,118,119,120,122,123,124,127,130,131
23,1,3,4,5,7,9,13,14,15,16,18,21,23,24,26,27,30,31,32,33,34,35,36,37,39,41,42,43,44,45,46,47,48,49,50,51,52,53,55,56,57,61,62,64,65,66,68,69,70,71,73,74,77,78,79,81,82,84,86,87,88,90,92,94,95,97,99,100,101,103,105,107,108,109,111,112,113,114,115,116,117,118,119,120,122,123,124,127,129,130,131
24,1,3,4,5,7,9,13,14,15,16,18,21,23,24,26,27,30,31,32,33,34,35,36,37,39,41,42,43,44,45,46,47,48,49,50,51,52,53,55,56,57,61,62,64,65,66,68,69,70,71,72,73,74,78,79,81,82,84,86,87,88,90,92,94,95,97,99,100,101,103,105,107,109,111,112,113,115,116,117,118,119,120,122,123,124,127,129,130,131
25,1,3,4,5,7,9,13,14,15,16,18,21,23,24,26,27,30,31,32,33,34,35,36,37,39,41,42,43,44,45,46,47,48,49,50,51,52,55,57,61,62,64,65,66,68,69,70,71,72,73,74,76,77,78,79,81,82,84,86,87,88,90,92,94,95,97,99,100,101,103,105,107,109,111,112,113,114,115,116,117,118,119,120,122,123,124,127,129,130,131
26,1,3,4,5,7,9,13,14,15,16,18,21,23,24,26,27,30,31,32,33,34,35,36,37,39,41,42,43,44,45,46,47,48,49,50,51,52,53,55,57,61,62,64,65,66,68,69,70,71,72,73,74,77,78,79,81,82,84,86,87,88,90,92,94,95,97,99,100,101,103,105,107,108,109,111,112,113,114,115,116,117,118,119,120,122,123,124,127,129,130,131
27,1,3,4,5,7,9,13,14,15,16,18,21,23,24,26,27,30,31,32,33,34,35,36,37,39,41,42,43,44,45,46,47,48,49,50,51,52,53,55,56,57,61,62,64,65,66,68,69,70,71,72,73,74,76,77,78,79,81,82,84,86,87,88,90,92,94,95,97,99,100,101,103,105,107,108,109,111,112,113,114,115,116,117,118,119,120,122,123,124,127,129,130,131,132
28,1,3,4,5,7,9,13,14,15,16,18,21,23,24,26,27,28,30,31,32,33,34,35,36,37,39,41,42,43,44,45,46,47,48,49,50,51,52,53,55,57,61,62,64,65,66,68,69,70,71,72,73,74,75,77,78,79,81,82,84,86,87,88,90,92,94,95,97,99,100,101,103,105,107,108,109,111,112,113,115,116,117,118,119,120,122,123,124,127,129,130,131
29,1,3,4,5,7,9,13,14,15,16,18,21,23,24,26,27,30,31,32,33,34,35,36,37,39,41,42,43,44,45,46,47,49,50,51,52,53,55,56,57,61,62,64,65,66,68,69,70,71,72,73,74,75,77,78,79,81,82,84,86,87,88,90,92,94,95,97,99,100,101,103,105,107,108,109,111,112,113,115,116,117,118,119,120,122,123,124,127,129,130,131
30,1,3,4,5,6,7,9,13,14,15,16,18,21,23,24,26,27,30,31,32,33,34,35,36,37,39,41,42,43,44,45,46,47,48,49,50,51,52,53,55,56,57,61,62,64,65,66,69,70,71,73,74,78,79,81,82,84,86,87,88,90,92,94,95,97,99,100,101,103,105,107,109,111,112,113,115,116,117,118,119,120,122,123,124,127,129,130,131
31,1,3,4,5,6,7,9,13,14,15,16,18,21,23,24,26,27,30,31,32,33,34,35,36,37,39,41,42,43,44,45,46,47,48,49,50,51,52,55,57,61,62,64,65,66,69,70,71,73,74,76,78,79,81,82,84,86,87,88,90,92,94,95,97,99,100,101,103,105,107,108,109,111,112,113,114,115,116,117,118,119,120,122,123,124,127,129,130,131
32,1,3,4,5,6,7,9,13,14,15,16,18,21,23,24,26,27,30,31,32,33,34,35,36,37,39,41,42,43,44,45,46,47,48,49,50,51,52,53,55,56,57,61,62,64,65,66,69,70,71,73,74,77,78,79,81,82,84,86,87,88,90,92,94,95,97,99,100,101,103,105,107,108,109,111,112,113,115,116,117,118,119,120,122,123,124,127,130,131
33,1,3,4,5,6,7,9,13,14,15,16,18,21,23,24,26,27,30,31,32,33,34,35,36,37,39,41,42,43,44,45,46,47,48,49,50,51,52,55,57,61,62,64,65,66,68,69,70,71,73,74,77,78,79,81,82,84,86,87,88,90,92,94,95,97,99,100,101,103,105,107,109,111,112,113,114,115,116,117,118,119,120,122,123,124,127,129,130,131
34,1,3,4,5,6,7,9,13,14,15,16,18,21,23,24,26,27,30,31,32,33,34,35,36,37,39,41,42,43,44,45,46,47,48,49,50,51,52,53,55,57,61,62,64,65,66,68,69,70,71,73,74,78,79,81,82,84,86,87,88,90,92,94,95,97,99,100,101,103,105,107,108,109,111,112,113,115,116,117,118,119,120,122,123,124,127,129,130,131
35,1,3,4,5,6,7,9,13,14,15,16,18,21,23,24,26,27,30,31,32,33,34,35,36,37,39,41,42,43,44,45,46,47,48,49,50,51,52,53,55,57,61,62,64,65,66,68,69,70,71,73,74,77,78,79,81,82,84,86,87,88,90,92,94,95,97,99,100,101,103,105,107,109,111,112,113,115,116,117,118,119,120,122,123,124,127,129,130,131
36,1,3,4,5,6,7,9,13,14,15,16,18,21,23,24,26,27,31,32,33,34,35,36,37,39,41,42,43,44,45,46,47,48,49,50,51,52,55,57,61,62,64,65,66,68,69,70,71,72,73,74,77,78,79,81,82,84,86,87,88,90,92,94,95,97,99,100,101,103,105,107,109,111,112,113,114,115,116,117,118,119,120,122,123,124,127,130,131
37,1,3,4,5,6,7,9,13,14,15,16,18,21,23,24,26,27,30,31,32,33,34,35,36,37,39,41,42,43,44,45,46,47,49,50,51,52,53,55,57,61,62,64,65,66,68,69,70,71,73,74,77,78,79,81,82,84,86,87,88,90,92,94,95,97,99,100,101,103,105,107,108,109,111,112,113,114,115,116,117,118,119,120,122,123,124,127,129,130,131
38,1,3,4,5,6,7,9,13,14,15,16,18,21,23,24,26,27,30,31,32,33,34,35,36,37,39,41,42,43,44,45,46,47,49,50,51,52,53,55,57,61,62,64,65,66,68,69,70,71,72,73,74,78,79,81,82,84,86,87,88,90,92,94,95,97,99,100,101,103,105,107,109,111,112,113,115,116,117,118,119,120,122,123,124,127,129,130,131
39,1,3,4,5,6,7,9,13,14,15,16,18,21,23,24,26,27,30,31,32,33,34,35,36,37,39,41,42,43,44,45,46,47,48,49,50,51,52,53,55,57,61,62,64,65,66,68,69,70,71,72,73,74,77,78,79,81,82,84,86,87,88,90,92,94,95,97,99,100,103,105,107,108,109,111,112,113,115,116,117,118,119,120,122,123,124,127,130,131
40,3,4,5,6,7,9,13,14,15,16,18,21,23,24,26,27,30,31,32,33,34,35,36,37,39,41,42,43,44,45,46,47,48,49,50,51,52,53,55,57,61,62,64,65,66,68,69,70,71,72,73,74,78,79,81,82,84,86,87,88,90,92,94,95,97,99,100,101,103,105,107,108,109,111,112,113,115,116,117,118,119,120,122,123,124,127,129,130,131
41,1,3,4,5,6,7,9,13,14,15,16,18,21,23,24,26,27,30,31,32,33,34,35,36,37,39,41,42,43,44,45,46,47,49,50,51,52,53,55,57,61,62,64,65,66,68,69,70,71,73,74,76,77,78,79,81,82,84,86,87,88,90,92,94,95,97,99,100,103,105,107,108,109,111,112,113,114,115,116,117,118,119,120,122,123,124,127,129,130,131
42,3,4,5,6,7,9,13,14,15,16,18,21,23,24,26,27,30,31,32,33,34,35,36,37,39,41,42,43,44,45,46,47,48,49,50,51,52,53,55,57,61,62,64,65,66,68,69,70,71,72,73,74,77,78,79,81,82,84,86,87,88,90,92,94,95,97,99,100,101,103,105,107,109,111,112,113,115,116,117,118,119,120,122,123,124,127,129,130,131
43,1,3,4,5,6,7,9,13,14,15,16,18,21,23,24,26,27,30,31,32,33,34,35,36,37,39,41,42,43,44,45,46,47,48,49,50,51,52,53,55,57,61,62,64,65,66,68,69,70,71,72,73,74,77,78,79,81,82,86,87,88,90,92,94,95,97,99,100,101,103,105,107,108,109,111,112,113,115,116,117,118,119,120,122,123,124,127,129,130,131
44,1,3,4,5,6,7,9,13,14,15,16,18,21,23,24,26,27,30,31,32,33,34,35,36,37,39,41,42,43,44,45,46,47,49,50,51,52,53,55,57,61,62,64,65,66,68,69,70,71,72,73,74,77,78,79,81,82,84,86,87,88,90,92,94,95,97,99,100,103,105,107,108,109,111,112,113,114,115,116,117,118,119,120,122,123,124,127,130,131
45,1,3,4,5,6,7,9,13,14,15,16,18,21,23,24,26,27,30,31,32,33,34,35,36,37,39,41,42,43,44,45,46,47,49,50,51,52,55,57,61,62,64,65,66,68,69,70,71,72,73,74,75,77,78,79,81,82,84,86,87,88,90,92,94,95,97,99,100,101,103,105,107,108,109,111,112,113,115,116,117,118,119,120,122,123,124,127,130,131
46,1,3,4,5,6,7,9,13,14,15,16,18,21,23,24,26,27,30,31,32,33,34,35,36,37,39,41,42,43,44,45,46,47,48,49,50,51,52,53,55,57,61,62,64,65,66,68,69,70,71,73,74,75,76,77,78,79,81,82,84,86,87,88,90,92,94,95,97,99,100,103,105,107,108,109,111,112,113,115,116,117,118,119,120,122,123,124,127,129,130,131
47,1,3,4,5,6,7,9,13,14,15,16,18,21,23,24,26,27,31,32,33,34,35,36,37,39,41,42,43,44,45,46,47,49,50,51,52,53,55,57,61,62,64,65,66,68,69,70,71,72,73,74,77,78,79,81,82,84,86,87,88,90,92,94,95,97,99,100,102,103,105,107,108,109,111,112,113,115,116,117,118,119,120,122,123,124,127,129,130,131
48,1,3,4,5,6,7,9,13,14,15,16,18,21,23,24,26,27,31,32,33,34,35,36,37,39,41,42,43,44,45,46,47,49,50,51,52,53,55,57,61,62,64,65,66,68,69,70,71,72,73,74,76,77,78,79,81,82,86,87,88,90,92,94,95,97,99,100,101,103,105,107,108,109,111,112,113,115,116,117,118,119,120,122,123,124,127,129,130,131
49,1,3,4,5,6,7,9,13,14,15,16,18,21,23,24,26,27,31,32,33,34,35,36,37,39,41,42,43,44,45,46,47,48,49,50,51,52,53,55,57,61,62,64,65,66,68,69,70,71,72,73,74,77,78,79,81,82,86,87,88,90,92,94,95,97,99,100,103,105,107,108,109,111,112,113,114,115,116,117,118,119,120,122,123,124,127,129,130,131
50,1,3,4,5,6,7,9,13,14,15,16,18,21,23,24,26,27,30,31,32,33,34,35,36,37,39,41,42,43,44,45,46,47,49,50,51,52,55,57,61,62,64,65,66,68,69,70,71,72,73,74,75,77,78,79,81,82,84,86,87,88,90,92,94,95,97,99,100,103,105,107,109,111,112,113,114,115,116,117,118,119,120,122,123,124,127,129,130,131
51,1,3,4,5,6,7,9,13,14,15,16,18,21,23,24,26,27,30,31,32,33,34,35,36,37,39,41,42,43,44,45,46,47,49,50,51,52,53,55,57,61,62,64,65,66,68,69,70,71,72,73,74,75,78,79,81,82,84,86,87,88,90,92,94,95,97,99,100,103,105,107,108,109,111,112,113,115,116,117,118,119,120,122,123,124,127,129,130,131
52,1,3,4,5,6,7,9,13,14,15,16,18,21,23,24,26,27,30,31,32,33,34,35,36,37,39,41,42,43,44,45,46,47,49,50,51,52,53,55,57,61,62,64,65,66,68,69,70,71,72,73,74,75,77,78,79,81,82,84,86,87,88,90,92,94,95,97,99,100,103,105,107,109,111,112,113,115,116,117,118,119,120,122,123,124,127,129,130,131
53,3,4,5,6,7,9,13,14,15,16,18,21,23,24,26,27,30,31,32,33,34,35,36,37,39,41,42,43,44,45,46,47,48,49,50,51,52,53,55,57,61,62,64,65,66,68,69,70,71,72,73,74,75,77,78,79,81,82,84,86,87,88,90,92,94,95,97,99,100,103,105,107,108,109,111,112,113,115,116,117,118,119,120,122,123,124,127,129,130,131
54,1,3,4,5,6,7,9,13,14,15,16,18,21,23,24,26,27,31,32,33,34,35,36,37,39,41,42,43,44,45,46,47,49,50,51,52,53,55,57,61,62,64,65,66,68,69,70,71,72,73,74,75,76,77,78,79,81,82,84,86,87,88,90,92,94,95,97,99,100,103,105,107,109,111,112,113,115,116,117,118,119,120,122,123,124,127,129,130,131
55,1,3,4,5,6,7,9,13,14,15,16,18,21,23,24,26,27,28,31,32,33,34,35,36,37,39,41,42,43,44,45,46,47,49,50,51,52,53,55,57,61,62,64,65,66,68,69,70,71,72,73,74,78,79,81,82,84,86,87,88,90,92,94,95,97,99,100,103,105,107,108,109,111,112,113,115,116,117,118,119,120,122,123,124,127,129,130,131
56,1,3,4,5,6,7,9,13,14,15,16,18,21,23,24,26,27,28,31,32,33,34,35,36,37,39,41,42,43,44,45,46,47,49,50,51,52,53,55,57,61,62,64,65,66,68,69,70,71,72,73,74,77,78,79,81,82,84,86,87,88,90,92,94,95,97,99,100,103,105,107,109,111,112,113,115,116,117,118,119,120,122,123,124,127,129,130,131
57,1,3,4,5,6,7,9,13,14,15,16,18,21,23,24,26,27,31,32,33,34,35,36,37,39,41,42,43,44,45,46,47,49,50,51,52,53,55,57,61,62,64,65,66,68,69,70,71,72,73,74,75,77,78,79,81,82,84,86,87,88,90,92,94,95,97,99,100,103,105,107,108,109,111,112,113,115,116,117,118,119,120,122,123,124,127,129,130,131,132
58,1,3,4,5,6,7,9,13,14,15,16,18,21,23,24,26,27,28,31,32,33,34,35,36,37,39,41,42,43,44,45,46,47,49,50,51,52,55,57,61,62,64,65,66,68,69,70,71,72,73,74,75,78,79,81,82,84,86,87,88,90,92,94,95,97,99,100,103,105,107,108,109,111,112,113,115,116,117,118,119,120,122,123,124,127,129,130,131
59,1,3,4,5,6,7,9,13,14,15,16,18,21,23,24,26,27,28,31,32,33,34,35,36,37,39,41,42,43,44,45,46,47,49,50,51,52,55,57,61,62,64,65,66,68,69,70,71,72,73,74,75,77,78,79,81,82,84,86,87,88,90,92,94,95,97,99,100,103,105,107,109,111,112,113,115,116,117,118,119,120,122,123,124,127,129,130,131
60,3,4,5,6,7,9,13,14,15,16,18,21,23,24,26,27,28,31,32,33,34,35,36,37,39,41,42,43,44,45,46,47,49,50,51,52,53,55,57,61,62,64,65,66,68,69,70,71,72,73,74,76,77,78,79,81,82,84,86,87,88,90,92,94,95,97,99,100,103,105,107,108,109,111,112,113,115,116,117,118,119,120,122,123,124,127,129,130,131
61,3,4,5,6,7,9,13,14,15,16,18,21,23,24,26,27,28,31,32,33,34,35,36,37,39,41,42,43,44,45,46,47,49,50,51,52,55,56,57,61,62,64,65,66,68,69,70,71,72,73,74,75,77,78,79,81,82,84,86,87,88,90,92,94,95,97,99,100,103,105,107,108,109,111,112,113,115,116,117,118,119,120,122,123,124,127,129,130,131
62,1,3,4,5,6,7,9,13,14,15,16,18,21,23,24,26,27,28,31,32,33,34,36,37,39,41,42,43,44,45,46,47,49,50,51,52,53,55,57,61,62,64,65,66,68,69,70,71,72,73,74,75,77,78,79,81,82,84,86,87,88,90,92,94,95,97,99,100,103,105,107,108,109,111,112,113,115,116,117,118,119,120,122,123,124,127,129,130,131
63,1,3,4,5,6,7,9,13,14,15,16,18,21,23,24,26,28,31,32,33,34,35,36,37,39,41,42,43,44,45,46,47,49,50,51,52,53,55,57,61,62,64,65,66,68,69,70,71,72,73,74,75,77,78,79,81,82,84,86,87,88,90,92,94,95,97,99,100,103,105,107,108,109,111,112,113,115,116,117,118,119,120,122,123,124,127,129,130,131
64,1,3,4,5,6,7,9,13,14,15,16,18,21,23,26,27,28,31,32,33,34,35,36,37,39,41,42,43,44,45,46,47,49,50,51,52,53,55,57,61,62,64,65,66,68,69,70,71,72,73,74,75,77,78,79,81,82,84,86,87,88,90,92,94,95,97,99,100,103,105,107,108,109,111,112,113,115,116,117,118,119,120,122,123,124,127,129,130,131
65,3,4,5,6,7,9,13,14,15,16,18,21,23,24,26,27,28,31,32,33,34,35,36,37,39,41,42,43,44,45,46,47,48,49,50,51,52,53,55,57,61,62,64,65,66,68,69,70,71,72,73,74,75,77,78,79,81,82,84,86,87,88,90,94,95,97,99,100,103,105,107,108,109,111,112,113,115,116,117,118,119,120,122,123,124,127,129,130,131
66,3,4,5,6,7,9,13,14,15,16,18,21,23,24,26,27,28,31,32,33,34,35,36,37,39,41,42,43,44,45,46,47,48,49,50,51,52,53,55,57,61,62,64,65,66,68,69,70,71,72,73,74,75,77,78,79,81,82,84,86,87,88,90,92,94,95,97,99,100,103,105,107,108,109,111,112,113,115,116,117,118,119,120,123,124,127,129,130,131
67,3,4,5,6,7,9,13,14,15,16,18,21,23,24,26,27,28,30,31,32,33,34,35,36,37,39,41,42,43,44,45,46,47,49,50,51,52,53,55,57,61,62,64,65,66,68,69,70,71,72,73,74,75,76,77,78,79,81,82,84,86,87,88,90,92,94,95,97,99,100,103,105,107,108,109,111,112,113,115,116,117,118,119,120,122,123,124,127,129,130,131
68,3,4,5,6,7,9,13,14,15,16,18,21,23,24,26,27,28,31,32,33,34,35,36,37,39,41,42,43,44,45,46,47,49,50,51,52,53,55,57,61,62,64,65,66,68,69,70,71,72,73,74,75,76,77,78,79,81,82,84,86,87,88,90,92,94,95,97,99,100,103,105,107,108,109,111,112,113,115,116,117,118,119,120,123,124,127,129,130,131
69,3,4,5,6,7,9,13,14,15,16,18,21,23,24,26,27,28,30,31,32,33,34,35,36,37,39,41,42,43,44,45,46,47,49,50,51,52,53,55,57,61,62,64,65,66,68,69,70,71,72,73,74,75,77,78,79,81,82,84,86,87,88,90,94,95,97,99,100,103,105,107,108,109,111,112,113,115,116,117,118,119,120,123,124,127,129,130,131,132
70,3,4,5,6,7,9,13,14,15,16,18,21,23,24,26,27,28,31,32,33,34,35,36,37,39,41,42,43,44,45,46,47,49,50,51,52,53,55,57,61,62,64,65,66,68,69,70,71,72,73,74,75,77,78,79,81,84,86,87,88,90,92,94,95,97,99,100,103,105,107,108,109,111,112,113,115,116,117,118,119,120,122,123,124,127,129,130,131,132
71,3,4,5,6,7,9,13,14,15,16,18,21,23,24,26,27,28,31,32,33,34,35,36,37,39,41,42,43,44,45,46,47,49,50,51,52,53,55,57,61,62,64,65,66,68,69,70,71,72,73,74,75,77,78,79,81,82,84,86,87,88,90,92,94,95,97,99,100,103,105,107,108,109,111,112,113,114,115,116,117,118,119,120,123,124,127,129,130,131,132
72,1,3,4,5,6,7,9,13,14,15,16,18,21,23,24,26,27,28,31,32,33,34,35,36,37,39,41,42,43,44,45,46,47,49,50,51,52,53,55,57,61,62,64,65,66,68,69,70,71,72,73,74,75,77,78,79,81,84,86,87,88,90,94,95,97,99,100,103,105,107,108,109,111,112,113,114,115,116,117,118,119,120,123,124,127,129,130,131
73,3,4,5,6,7,9,13,14,15,16,18,21,23,26,28,31,32,33,34,35,36,37,39,41,42,43,44,45,46,47,49,50,51,52,53,55,57,61,62,64,65,66,68,69,70,71,72,73,74,75,77,78,79,81,82,84,86,87,88,90,91,92,94,95,97,99,100,103,105,107,109,111,112,113,115,116,117,118,119,120,122,123,124,127,129,130,131
74,3,4,5,6,7,9,13,14,15,16,18,21,23,24,26,27,28,31,32,33,34,35,36,37,39,41,42,43,44,45,46,47,49,50,51,52,53,55,57,61,62,64,65,66,68,69,70,71,72,73,74,77,78,79,81,82,84,86,87,88,90,91,94,95,97,99,100,103,105,107,108,109,111,112,113,115,116,117,118,119,120,123,124,127,129,130,131
75,4,5,6,7,9,13,14,15,16,18,21,23,24,26,28,31,32,33,34,35,36,37,39,41,42,43,44,45,46,47,49,50,51,52,53,55,57,61,62,64,65,66,68,69,70,71,72,73,74,75,77,78,79,81,82,84,86,87,88,90,91,92,94,95,97,99,100,103,105,107,108,109,111,112,113,115,116,117,118,119,120,122,123,124,127,129,130,131
76,3,4,5,6,7,9,13,14,15,16,18,21,23,24,26,27,28,31,32,33,34,36,37,39,41,42,43,44,45,46,47,49,50,51,52,53,55,57,61,62,64,65,66,68,69,70,71,72,73,74,75,77,78,79,81,82,86,87,88,90,91,94,95,97,99,100,103,105,107,108,109,111,112,113,115,116,117,118,119,120,122,123,124,127,129,130,131
77,3,4,5,6,7,9,13,14,15,16,18,21,23,24,26,27,28,31,32,33,34,36,37,39,41,42,43,44,45,46,47,49,50,51,52,53,55,57,61,62,64,65,66,68,69,70,71,72,73,74,75,77,78,79,81,82,84,86,87,88,90,91,94,95,97,99,100,105,107,108,109,111,112,113,115,116,117,118,119,120,122,123,124,127,129,130,131
78,3,4,5,6,7,9,13,14,15,16,18,21,23,24,26,27,28,31,32,33,34,35,36,37,39,41,42,43,44,45,46,47,49,50,51,52,53,55,57,61,62,64,65,66,68,69,70,71,72,73,75,77,78,79,81,82,84,86,87,88,90,91,94,95,97,99,100,103,105,107,108,109,111,112,113,115,116,117,118,119,120,122,123,124,127,129,130,131
79,3,4,5,6,7,9,13,14,15,16,18,21,23,24,26,27,28,31,32,33,34,35,36,37,39,41,42,43,44,45,46,47,49,50,51,52,55,57,61,62,64,65,66,68,69,70,71,72,73,74,75,77,78,79,81,82,84,86,87,88,90,91,94,95,97,99,100,103,105,107,108,109,111,112,113,115,116,117,118,119,120,123,124,127,129,130,131
80,3,4,5,6,7,9,13,14,15,16,18,21,23,24,26,27,28,31,32,33,34,35,36,37,39,41,42,43,44,45,46,47,49,50,51,52,53,55,57,61,62,64,65,66,68,69,70,71,72,73,75,77,78,79,81,82,84,86,87,88,90,91,92,94,95,97,99,100,103,105,107,108,109,111,112,113,115,116,117,118,119,120,123,124,127,129,130,131
81,3,4,5,6,7,9,13,14,15,16,18,21,23,24,26,27,28,31,32,33,34,35,36,37,39,41,42,43,44,45,46,47,49,50,51,52,53,55,57,61,62,64,65,66,68,69,70,71,72,73,74,75,77,78,79,81,82,86,87,88,90,91,94,95,97,99,100,105,107,108,109,111,112,113,115,116,117,118,119,120,123,124,127,129,130,131
82,3,4,5,6,7,9,13,14,15,16,18,21,23,26,27,28,31,32,33,34,35,36,37,39,41,42,43,44,45,46,47,49,50,51,52,53,55,57,61,62,64,65,66,68,69,70,71,72,73,74,75,77,78,79,81,82,84,86,87,88,91,92,94,95,97,99,100,103,105,107,108,109,111,112,113,115,116,117,118,119,120,122,123,124,127,129,130,131
83,3,4,5,6,7,9,13,14,15,16,18,21,23,26,27,28,31,32,33,34,35,36,37,39,41,42,43,44,45,46,47,49,50,51,52,53,55,57,61,62,64,65,66,68,69,70,71,72,73,74,75,77,78,79,81,82,84,86,87,88,90,91,94,95,97,99,100,103,105,108,109,111,112,113,115,116,117,118,119,120,122,123,124,127,129,130,131
84,3,4,5,6,7,9,13,14,15,16,18,21,23,26,27,28,31,32,33,34,35,36,37,39,41,42,43,44,45,46,47,49,50,51,52,53,55,57,61,62,64,65,66,68,69,70,71,72,73,74,75,77,78,79,81,82,84,86,87,88,90,91,94,95,97,99,100,103,105,107,108,109,111,112,113,115,116,117,118,119,120,123,124,127,129,130,131
85,3,4,5,6,7,9,13,14,15,16,18,21,23,24,26,28,31,32,33,34,35,36,37,39,41,42,43,44,45,46,47,49,50,51,52,53,55,57,61,62,64,65,66,68,69,70,71,72,73,74,75,77,78,79,81,84,86,87,88,90,91,94,95,97,99,100,103,105,107,108,109,111,112,113,115,116,117,118,119,120,122,123,124,127,129,130,131
86,3,4,5,6,7,9,13,14,15,16,18,21,23,24,26,27,28,31,32,33,34,35,36,37,39,41,42,43,44,45,46,47,49,50,51,52,53,55,57,61,62,64,65,66,68,69,70,71,72,73,74,75,77,78,79,81,84,86,87,88,90,91,94,95,97,99,100,103,105,107,109,111,112,113,115,116,117,118,119,120,123,124,127,129,130,131
87,3,4,5,6,7,9,13,14,15,16,18,21,23,26,27,28,31,32,33,34,35,36,37,39,41,42,43,44,45,46,47,49,50,51,52,53,55,57,61,62,64,65,66,68,69,70,71,72,73,74,75,77,78,79,81,84,86,87,88,90,91,92,94,95,97,99,100,103,105,107,108,109,111,112,113,115,116,117,118,119,120,123,124,127,129,130,131
88,3,4,5,6,7,9,13,14,15,16,18,21,23,24,26,27,28,31,32,33,34,36,37,39,41,42,43,44,45,46,47,49,50,51,52,53,55,57,61,62,64,65,66,68,69,70,71,72,73,74,75,77,78,79,81,84,86,87,88,90,91,94,95,97,99,100,103,105,107,108,109,111,112,113,115,116,117,118,119,120,123,124,127,129,130,131,132
89,3,4,5,6,7,9,13,14,15,16,18,21,23,24,26,27,28,31,32,33,34,35,36,39,41,42,43,44,45,46,47,49,50,51,52,53,55,57,61,62,64,65,66,68,69,70,71,72,73,74,75,77,78,79,81,84,86,87,88,90,91,94,95,97,99,100,103,105,107,108,109,111,112,113,115,116,117,118,119,120,123,124,127,129,130,131,132
90,3,4,5,6,7,9,13,14,15,16,17,18,21,23,26,27,28,31,32,33,34,35,36,37,39,41,42,43,44,45,46,47,49,50,51,52,53,55,57,61,62,64,65,66,68,69,70,71,72,73,74,75,77,78,79,81,84,86,87,88,90,94,95,97,99,100,103,105,107,108,109,111,112,113,115,116,117,118,119,120,123,124,127,129,130,131
91,3,4,5,6,7,9,13,14,15,16,18,21,23,24,26,27,28,31,32,33,34,35,36,37,39,41,42,43,44,45,46,47,49,50,51,52,53,55,57,61,62,64,65,66,68,69,70,71,72,73,74,75,77,78,79,81,84,86,87,88,91,94,95,97,99,100,103,105,108,109,111,112,113,115,116,117,118,119,120,123,124,127,129,130,131,132
92,3,4,5,6,7,9,13,14,15,16,18,21,23,24,26,27,28,31,32,33,34,35,36,37,39,41,42,43,44,45,46,47,50,51,52,53,55,57,61,62,64,65,66,68,69,70,71,72,73,74,75,77,78,79,81,84,86,87,88,90,91,94,95,97,100,103,105,107,108,109,111,112,113,115,116,117,118,119,120,123,124,127,129,130,131,132
93,3,4,5,6,7,9,13,14,15,16,17,18,21,23,24,26,28,31,32,33,34,35,36,37,39,41,42,43,44,45,46,47,49,50,51,52,53,55,57,61,62,64,65,66,68,69,70,71,72,73,74,75,77,78,79,81,84,86,87,88,90,94,95,97,99,100,103,105,108,109,111,112,113,115,116,117,118,119,120,123,124,127,129,130,131,132
94,3,4,5,6,7,13,14,15,16,18,21,23,24,26,27,28,31,32,33,34,35,36,37,39,41,42,43,44,45,46,47,49,50,51,52,53,55,57,61,62,64,65,66,68,69,70,71,72,73,74,75,77,78,79,81,84,86,87,88,90,91,94,95,97,100,103,105,107,108,109,111,112,113,115,116,117,118,119,120,123,124,127,129,130,131,132
95,3,4,5,6,7,9,13,14,15,16,17,18,21,23,26,27,28,31,32,33,34,35,36,37,39,41,42,43,44,45,46,47,49,50,51,52,53,55,57,61,62,64,65,66,68,69,70,71,72,73,74,75,77,78,79,81,82,84,86,87,88,91,94,95,97,99,100,103,105,108,109,111,112,113,115,116,117,119,120,123,124,127,129,130,131
96,3,4,5,6,7,9,13,14,15,16,17,18,21,23,26,27,28,31,32,33,34,36,37,39,41,42,43,44,45,46,47,49,50,52,53,55,57,61,62,64,65,66,68,69,70,71,72,73,74,75,77,78,79,81,84,86,87,88,90,91,94,95,97,99,100,103,105,107,108,109,111,112,113,115,116,117,118,119,120,123,124,127,129,130,131
97,3,4,5,6,7,9,13,14,15,16,17,18,21,23,24,26,27,28,31,32,33,34,36,37,39,41,42,43,44,45,46,47,49,50,51,52,53,55,57,61,62,64,65,66,68,69,70,71,72,73,74,75,77,78,79,81,84,86,87,88,90,91,94,95,97,99,100,103,105,108,109,111,112,113,115,116,117,119,120,123,124,127,129,130,131
98,4,5,6,7,9,13,14,15,16,17,18,21,23,26,27,28,31,32,33,34,36,37,39,41,42,43,44,45,46,47,49,50,51,52,53,55,57,61,62,64,65,66,68,69,70,71,72,73,74,75,77,78,79,81,84,86,87,88,90,91,94,95,97,99,100,103,105,107,109,111,112,113,115,116,117,118,119,120,123,124,127,129,130,131
99,3,4,5,6,7,9,13,14,15,16,17,18,21,23,26,28,31,32,33,34,36,37,39,41,42,43,44,45,46,47,49,50,51,52,53,55,57,61,62,64,65,66,68,69,70,71,72,73,74,75,77,78,79,81,86,87,88,90,91,94,95,97,99,100,103,105,107,108,109,111,112,113,115,116,117,118,119,120,123,124,127,129,130,131
100,3,4,5,6,7,9,13,14,15,16,17,18,21,23,26,28,31,32,33,34,36,37,39,41,42,43,44,45,46,47,49,50,51,52,53,55,57,61,62,64,65,66,68,69,70,71,72,73,74,75,77,78,79,81,84,86,87,88,90,91,94,95,97,99,100,105,107,108,109,111,112,113,115,116,117,118,119,120,123,124,127,129,130,131
101,3,4,5,6,7,9,13,14,15,16,17,18,21,23,26,28,31,32,33,34,35,36,37,39,41,42,43,44,45,46,47,49,50,51,52,53,55,57,61,62,64,65,66,68,69,70,71,72,73,75,77,78,79,81,84,86,87,88,90,91,94,95,97,99,100,103,105,107,108,109,111,112,113,115,116,117,118,119,120,123,124,127,129,130,131
102,3,4,5,6,7,9,13,14,15,16,17,18,21,23,24,26,28,31,32,33,34,36,37,39,41,42,43,44,45,46,47,49,50,51,52,53,55,57,61,62,64,65,66,68,69,70,71,72,73,74,75,77,78,79,81,84,86,87,88,90,91,94,95,97,100,103,105,107,108,109,111,112,113,115,116,117,118,119,120,123,124,127,129,130,131
103,3,4,5,6,7,9,13,14,15,16,17,18,21,23,26,27,28,31,32,33,34,35,36,37,39,41,42,43,44,45,46,47,49,50,51,52,53,55,57,61,62,64,65,66,68,69,70,71,72,73,74,75,77,78,79,81,84,86,87,88,90,91,94,95,97,100,105,108,109,111,112,113,115,116,117,118,119,120,123,124,127,129,130,131
104,3,4,5,6,7,9,13,14,15,16,17,18,21,23,26,27,28,31,32,33,34,35,36,37,39,41,42,43,44,45,46,47,49,50,51,52,53,55,57,61,62,64,65,66,68,69,70,71,72,73,75,77,78,79,81,84,86,87,88,90,91,94,95,97,100,103,105,108,109,111,112,113,115,116,117,118,119,120,123,124,127,129,130,131
105,4,5,6,7,9,13,14,15,16,17,18,21,23,26,28,31,32,33,34,35,36,37,39,41,42,43,44,45,46,47,49,50,51,52,53,55,57,61,62,64,65,66,68,69,70,71,72,73,74,75,77,78,79,81,84,86,87,88,91,94,95,97,99,100,103,105,108,109,111,112,113,115,116,117,118,119,120,123,124,127,129,130,131,132
106,3,4,5,6,7,9,13,14,15,16,17,18,21,23,26,28,31,32,33,34,35,36,37,39,41,42,43,44,45,46,47,49,50,51,52,53,55,57,61,62,64,65,66,68,69,70,71,72,73,74,75,77,78,79,81,84,86,87,88,91,94,95,97,100,103,105,108,109,111,112,113,115,116,117,118,119,120,123,124,127,129,130,131
107,3,4,5,6,7,13,14,15,16,17,18,21,23,26,28,31,32,33,34,36,37,39,41,42,43,44,45,46,47,49,50,51,52,53,55,57,61,62,64,65,66,68,69,70,71,72,73,74,75,77,78,79,81,84,86,87,88,90,91,94,95,97,99,100,103,105,108,109,111,112,113,115,116,117,118,119,120,123,124,127,129,130,131,132
108,3,4,5,6,7,13,14,15,16,17,18,21,23,26,27,28,31,32,33,34,35,36,37,39,41,42,43,44,45,46,47,50,51,52,53,55,57,61,62,64,65,66,68,69,70,71,72,73,74,75,77,78,79,81,84,86,87,88,91,94,95,97,99,100,103,105,108,109,111,112,113,115,116,117,118,119,120,123,124,127,129,130,131
