# Pareto front points: solution index, citizen satisfaction, alignment
1,51421.0,19.19196
2,51494.0,19.142390000000002
3,52006.0,19.142050000000005
4,52300.0,19.091160000000002
5,52708.0,19.087710000000005
6,53498.0,19.06331
7,53574.0,19.05161
8,53590.0,19.041500000000006
9,53666.0,19.029800000000005
10,53897.0,19.02118
11,53957.0,19.0192
12,54646.0,18.98253
13,54668.0,18.850570000000005
14,54726.0,18.83417
15,54762.0,18.786440000000002
16,55062.0,18.77474
17,55070.0,18.72772
18,55396.0,18.69497
19,55714.0,18.649590000000003
20,55790.0,18.63789
21,55872.0,18.52539
22,56155.00000000013,18.43742000000001
23,56336.0,18.260930000000005
24,56411.0,18.1581
25,56484.0,18.10966
26,56517.0,18.023420000000005
27,56756.0,18.000660000000003
28,56778.0,17.66869
29,56816.0,17.610160000000004
30,56883.00000000001,17.581180000000014
31,57142.0,17.545270000000002
32,57198.0,17.408420000000003
33,57210.0,17.309970000000003
34,57300.0,16.790400000000005
# Nash solution index
20
# Kalai-Smordinsky solution index
19
# Szymkiewicz–Simpson coefficients
# Nash vs citizen satisfaction
0.9107142857142857
# Kalai-Smordinsky vs citizen satisfaction
0.9107142857142857
# solution index , list of selected proposals
1,5,6,16,19,23,27,30,32,33,34,35,36,37,39,40,41,43,44,45,46,49,51,54,55,56,58,61,62,65,66,68,69,70,71,72,73,75,76,77,79,81,84,85,87,89,90,93,94,95,96,97,99,100,105,106,108
2,5,6,16,19,23,27,30,32,33,34,35,37,39,40,41,43,44,45,46,49,51,53,54,56,58,61,62,65,66,68,69,70,71,72,73,75,76,77,79,81,84,85,87,89,90,93,94,95,96,97,99,100,105,106,108
3,5,6,16,19,23,27,30,32,33,34,35,36,37,39,40,41,43,44,45,46,49,51,54,56,58,61,62,65,66,68,69,70,71,72,73,75,76,77,79,81,84,85,87,89,90,94,95,96,97,99,100,104,105,106,108
4,5,6,16,19,23,27,30,32,33,34,35,36,37,38,40,41,43,44,45,46,49,51,52,53,54,55,56,58,61,62,65,66,68,69,70,71,72,73,75,76,77,79,81,84,85,87,89,90,93,94,95,96,97,99,100,105,106,108
5,5,6,16,19,23,27,30,32,33,34,35,37,39,40,41,43,44,45,46,49,51,54,55,56,58,61,62,65,66,68,69,70,71,72,73,75,76,77,79,81,84,85,87,89,90,94,95,96,97,99,100,104,105,106,108
6,5,6,16,19,23,27,30,32,33,34,35,36,37,38,39,40,41,43,44,45,46,49,51,54,55,56,58,59,61,62,64,65,66,68,69,70,71,72,73,75,76,77,79,81,84,85,87,89,90,94,95,96,97,99,100,105,106,108
7,5,6,16,19,23,27,30,32,33,34,35,36,37,39,40,41,43,44,45,46,49,51,52,54,55,56,58,59,61,62,64,65,66,68,69,70,71,72,73,75,76,77,79,81,84,85,87,89,90,94,95,96,97,99,100,105,106,108
8,6,16,19,23,27,30,32,33,34,35,36,37,38,39,40,41,43,44,45,46,49,51,53,54,55,56,58,59,61,62,65,66,68,69,70,71,72,73,75,76,77,79,81,84,85,87,89,90,94,95,96,97,99,100,104,105,106,108
9,6,16,19,23,27,30,32,33,34,35,36,37,39,40,41,43,44,45,46,49,51,52,53,54,55,56,58,59,61,62,65,66,68,69,70,71,72,73,75,76,77,79,81,84,85,87,89,90,94,95,96,97,99,100,104,105,106,108
10,5,6,16,19,23,27,30,32,33,34,35,36,37,38,39,40,41,43,44,45,46,49,51,52,53,54,55,56,58,59,61,62,65,66,68,69,70,71,72,73,75,76,77,79,81,84,85,87,89,90,94,95,96,97,99,100,105,106,108
11,5,6,16,19,23,27,30,32,33,34,35,37,38,39,40,41,43,44,45,46,49,51,52,53,54,56,58,59,61,62,64,65,66,68,69,70,71,72,73,75,76,77,79,81,84,85,87,89,90,94,95,96,97,99,100,105,106,108
12,5,6,16,19,23,27,30,32,33,34,35,36,37,38,39,40,41,43,44,45,46,49,51,52,53,54,55,56,58,61,62,64,65,66,68,69,70,71,72,73,75,76,77,79,81,84,85,87,89,90,94,95,96,97,99,100,105,106,108
13,5,6,16,19,23,27,30,32,33,34,35,36,37,39,40,43,44,45,46,49,51,52,53,54,55,56,58,61,62,65,66,68,69,70,71,72,73,75,76,77,79,81,84,85,87,89,90,94,95,96,97,99,100,104,105,106,108
14,5,6,16,19,23,27,30,32,33,34,35,37,39,40,41,43,44,45,46,49,51,52,53,54,55,56,58,61,62,64,65,66,68,69,70,71,72,73,75,76,77,81,84,85,87,89,90,94,95,96,97,99,100,104,105,106,108
15,5,6,16,19,23,27,30,32,33,34,35,36,37,38,40,43,44,45,46,49,51,53,54,55,56,58,61,62,64,65,66,68,69,70,71,72,73,75,76,77,79,81,84,85,87,89,90,94,95,96,97,99,100,104,105,106,108
16,5,6,16,19,23,27,30,32,33,34,35,36,37,38,39,40,41,43,44,45,46,49,51,53,54,55,56,58,61,62,64,66,68,69,70,71,72,75,76,77,79,81,84,85,87,89,90,94,95,96,97,99,100,104,105,106,108
17,5,6,16,19,23,27,30,32,33,34,35,36,37,38,39,40,43,44,45,46,49,51,52,53,54,55,56,58,59,61,62,64,65,66,68,69,70,71,72,73,75,76,77,79,81,84,85,87,89,90,94,95,96,97,99,100,105,106,108
18,5,6,16,19,23,27,30,32,33,34,35,36,37,38,39,40,41,43,44,45,46,49,51,52,53,54,55,56,58,59,61,62,64,66,68,69,70,71,72,73,75,76,77,81,84,85,87,89,90,94,95,96,97,99,100,104,105,106,108
19,5,6,16,19,23,27,30,32,33,34,35,37,38,39,40,43,44,45,46,49,51,53,54,55,56,58,59,61,62,64,66,68,69,70,71,72,73,75,76,77,79,81,84,85,87,89,90,94,95,96,97,99,100,104,105,106,108
20,5,6,16,19,23,27,30,32,33,34,35,37,39,40,43,44,45,46,49,51,52,53,54,55,56,58,59,61,62,64,66,68,69,70,71,72,73,75,76,77,79,81,84,85,87,89,90,94,95,96,97,99,100,104,105,106,108
21,5,6,16,19,23,27,30,32,33,34,35,36,37,38,39,40,43,44,45,46,49,51,52,53,54,55,56,58,59,61,62,64,66,68,69,70,71,72,75,76,77,79,81,84,85,87,89,90,94,95,96,97,99,100,104,105,106,108
22,5,16,19,23,27,30,32,33,34,35,36,37,38,39,40,41,43,44,45,46,49,51,52,53,54,55,56,58,59,61,62,64,66,68,69,70,71,72,73,75,76,77,79,81,84,85,87,89,90,94,95,96,97,99,100,104,105,106,108
23,5,6,16,19,23,27,30,32,33,34,35,36,37,38,39,40,43,44,45,46,49,50,51,52,53,54,55,56,58,61,62,64,66,68,69,70,71,72,73,75,76,77,79,81,84,85,87,89,90,94,95,96,97,99,100,104,105,106,108
24,5,6,16,19,23,27,30,32,33,34,35,36,37,38,39,40,43,44,45,46,49,50,51,52,53,54,55,56,58,59,61,62,64,66,68,69,70,71,72,73,75,76,77,81,84,85,87,89,90,94,95,96,97,99,100,101,105,106,108
25,5,6,16,19,27,30,32,33,34,35,36,37,38,39,40,43,44,45,46,49,50,51,52,53,54,55,56,58,59,61,62,64,66,68,69,70,71,72,73,75,76,77,79,81,84,85,89,90,94,95,96,97,99,100,104,105,106,108
26,5,6,16,19,27,30,32,33,34,35,36,37,38,39,40,43,44,45,46,49,51,52,53,54,55,56,58,59,61,62,64,66,68,69,70,71,72,73,75,76,77,81,84,85,87,89,90,94,95,96,97,99,100,101,104,105,106,108
27,5,6,16,19,27,30,32,33,34,35,36,37,38,39,40,43,44,45,46,49,50,51,52,53,54,55,56,58,59,61,64,66,68,69,70,71,72,73,75,76,77,79,81,84,85,87,89,90,94,95,96,97,99,100,104,105,106,108
28,5,16,19,27,30,32,33,34,35,36,37,38,39,40,43,44,45,46,49,50,51,52,53,54,55,56,58,61,62,64,66,68,69,70,71,72,73,75,76,77,81,84,85,87,89,90,94,95,96,97,99,100,101,104,105,106,108
29,5,6,16,19,27,30,32,33,34,35,36,37,38,39,40,44,45,46,49,50,51,52,53,54,55,56,58,61,62,64,66,68,69,70,71,72,73,75,76,77,81,84,85,87,89,90,94,95,96,97,99,100,101,104,105,106,108
30,5,6,16,18,19,27,30,32,33,34,35,36,37,38,39,40,43,44,45,46,49,51,52,53,54,55,56,58,61,64,66,68,69,70,71,72,73,75,76,77,79,81,84,85,87,89,90,94,95,96,97,99,100,104,105,106,108
31,5,6,16,18,19,27,30,32,33,34,35,36,37,38,39,40,43,44,45,46,49,50,51,52,53,54,55,56,58,61,64,66,68,69,70,71,72,73,75,76,77,81,84,85,87,89,90,94,95,96,97,99,100,104,105,106,108
32,5,16,19,27,30,32,33,34,35,36,37,38,39,40,43,44,45,46,49,50,51,52,53,54,55,56,58,59,61,64,66,68,69,70,71,72,73,75,76,77,81,84,85,87,89,90,94,95,96,97,99,100,101,104,105,106,108
33,5,16,18,19,27,30,32,33,34,35,37,38,39,40,43,44,45,46,49,50,51,52,53,54,55,56,58,59,61,64,66,68,69,70,71,72,73,75,76,77,81,84,85,87,89,90,94,95,96,97,99,100,104,105,106,108
34,5,16,18,19,27,30,32,33,34,35,36,37,38,39,40,44,45,46,49,50,51,52,53,54,55,56,58,59,61,64,66,68,69,70,71,72,73,75,76,77,81,84,85,87,89,90,94,95,96,97,99,100,101,105,106,108
