# Pareto front points: solution index, citizen satisfaction, alignment
1,77473.0,20.424400000000002
2,78099.0,20.416580000000007
3,78439.0,20.39703
4,79249.0,20.394670000000005
5,80029.0,20.37552
6,81286.0,20.359070000000003
7,81748.0,20.346300000000003
8,82025.0,20.326660000000004
9,82473.0,20.313890000000004
10,82713.0,20.298470000000002
11,82846.0,20.292340000000003
12,83674.0,20.282170000000004
13,83772.0,20.276560000000003
14,84081.0,20.227820000000005
15,84510.0,20.215290000000003
16,84532.0,20.164060000000003
17,85013.0,20.158600000000003
18,85086.00000000003,20.146900000000006
19,85277.0,20.097330000000003
20,85464.00000000003,20.080170000000006
21,85559.0,20.065610000000003
22,85775.0,20.056710000000013
23,86152.0,20.027350000000002
24,86582.0,19.970330000000004
25,87157.0,19.946430000000003
26,87630.0,19.865140000000004
27,87752.99999999956,19.805850000000028
28,87833.0,19.730020000000003
29,87859.0,19.711690000000004
30,87892.0,19.70231
31,88170.0,19.68823
32,88486.0,19.647170000000003
33,88651.0,19.615930000000002
34,88677.0,19.597600000000003
35,88707.0,19.521870000000003
36,88766.0,19.48081
37,89127.0,19.457250000000002
38,89197.0,19.453380000000003
39,89220.0,19.37336
40,89248.0,19.348250000000004
41,89723.0,19.316670000000002
42,89817.0,19.191640000000003
43,89887.0,19.032690000000002
44,90209.0,19.006050000000002
45,90373.0,18.722070000000002
46,90486.0,18.40226
47,90559.0,18.23967
48,90733.0,18.18972
49,90758.0,18.0975
50,90827.0,17.459999999999997
51,90889.0,17.244879999999995
52,91040.0,17.079929999999997
# Nash solution index
26
# Kalai-Smordinsky solution index
29
# Szymkiewicz–Simpson coefficients
# Nash vs citizen satisfaction
0.9253731343283582
# Kalai-Smordinsky vs citizen satisfaction
0.9104477611940298
# solution index , list of selected proposals
1,1,2,3,4,6,8,11,12,13,16,17,19,20,22,23,27,28,29,30,32,33,34,38,39,41,42,44,45,46,47,49,50,51,52,53,54,58,59,60,61,62,63,64,65,66,67,68,69,70,71,72,75,79,80,81,85,86,87,88,89,91,92,94,95,96,97,98
2,1,2,3,4,6,7,8,11,12,13,16,17,19,20,22,23,27,28,29,30,32,33,34,39,41,42,44,45,46,47,49,50,51,52,53,54,58,59,60,61,62,63,64,65,67,68,69,70,71,72,75,76,79,80,81,85,86,87,88,89,91,92,94,95,96,97,98
3,1,2,3,4,6,8,12,13,16,17,19,20,22,23,27,28,29,30,32,33,34,38,39,40,42,44,45,46,47,49,50,51,52,53,54,58,59,60,61,62,63,64,65,66,67,68,69,70,71,72,75,76,79,80,81,85,86,87,88,89,91,92,94,95,96,97,98
4,1,2,3,4,6,7,8,12,13,15,16,17,19,20,22,23,27,28,29,30,32,33,34,38,39,42,44,45,46,47,49,50,51,52,53,54,58,59,60,61,62,63,64,65,67,68,69,70,71,72,75,76,79,80,81,85,86,87,88,89,91,92,94,95,96,97,98
5,1,2,3,4,6,7,8,11,12,13,15,16,17,19,20,22,23,27,28,29,30,32,33,34,39,41,42,44,45,46,47,49,50,51,52,53,54,58,59,60,61,62,64,65,66,67,68,69,70,71,72,75,79,80,81,85,86,87,88,89,91,92,94,95,96,97,98
6,1,2,3,4,6,7,8,12,13,15,16,17,19,20,22,23,27,28,29,30,32,33,34,38,39,41,42,44,45,46,47,49,50,51,52,53,54,58,59,60,61,62,63,64,65,66,67,68,69,70,71,72,75,79,80,81,85,86,87,88,89,91,92,94,95,96,97,98
7,1,2,3,4,6,7,8,12,13,16,17,18,19,20,22,23,27,28,29,30,32,33,34,38,39,40,41,42,44,45,46,47,49,50,51,52,53,54,58,59,60,61,62,63,64,65,67,68,69,70,71,72,75,79,80,81,85,86,87,88,89,91,92,94,95,96,97,98
8,1,2,3,4,6,8,12,13,15,16,17,19,20,22,23,27,28,29,30,32,33,34,39,40,41,42,44,45,46,47,49,50,51,52,53,54,58,59,60,61,62,63,64,65,66,67,68,69,70,71,72,75,76,79,80,81,85,86,87,88,89,91,92,94,95,96,97,98
9,1,2,3,4,6,8,12,13,15,16,17,18,19,20,22,23,27,28,29,30,32,33,34,38,39,40,41,42,44,45,46,47,49,50,51,52,53,54,58,59,60,61,62,64,65,67,68,69,70,71,72,75,76,79,80,81,85,86,87,88,89,91,92,94,95,96,97,98
10,1,2,3,4,6,7,8,11,12,13,15,16,17,19,20,22,23,27,28,29,30,32,33,34,39,40,41,42,44,45,46,47,49,50,51,52,53,54,58,59,60,61,62,63,64,65,66,67,68,69,71,72,75,79,80,81,85,86,87,88,89,91,92,94,95,96,97,98
11,1,2,3,4,6,7,8,12,13,15,16,17,19,20,22,23,27,28,29,30,32,33,34,39,40,41,42,44,45,46,47,49,50,51,52,53,54,58,59,60,61,62,63,64,65,66,67,68,69,70,71,72,75,79,81,85,86,87,88,89,91,92,94,95,96,97,98
12,1,2,3,4,6,7,8,12,13,15,16,17,18,19,20,21,22,23,27,28,29,30,32,33,34,39,40,41,42,44,45,46,47,49,50,51,52,53,54,58,59,60,61,62,64,65,67,68,69,70,71,72,75,76,79,80,81,85,86,87,88,89,91,92,94,95,96,97,98
13,1,2,3,4,6,7,8,12,13,15,16,17,19,20,22,23,27,28,29,30,32,33,34,38,39,40,41,42,44,45,46,47,49,50,51,52,53,54,58,59,60,61,62,63,64,65,66,67,68,69,71,72,75,76,79,80,81,85,86,87,88,89,91,92,94,95,96,97,98
14,1,2,4,6,7,8,12,13,15,16,17,18,19,20,22,23,27,28,29,30,32,33,34,38,39,40,41,42,44,45,46,47,49,50,51,52,53,54,58,59,60,61,62,64,65,66,67,68,69,70,71,72,75,76,79,80,81,85,86,87,88,89,91,92,94,95,96,97,98
15,1,2,3,4,6,7,8,12,13,15,16,17,18,19,20,22,23,27,28,29,30,32,33,34,38,39,40,41,42,44,45,46,47,49,50,51,52,53,54,58,59,60,61,62,63,64,65,66,67,68,69,71,72,75,76,79,81,85,86,87,88,89,91,92,94,95,96,97,98
16,1,2,3,4,6,7,8,12,13,15,16,17,18,19,20,21,22,23,27,28,29,30,32,33,34,38,39,40,41,42,44,45,46,47,49,50,51,52,53,54,58,59,60,61,62,63,64,65,66,67,68,69,71,72,75,79,80,81,85,86,87,88,89,91,92,94,95,96,97,98
17,1,2,3,4,6,7,8,12,13,15,16,18,19,20,21,22,23,27,28,29,30,32,33,34,38,39,40,41,42,44,45,46,47,49,50,51,52,53,54,58,59,60,61,62,63,64,65,66,67,68,69,71,72,75,76,79,80,81,85,86,87,88,89,91,92,94,95,96,97,98
18,1,2,3,4,6,7,8,13,15,16,17,18,19,20,22,23,27,28,29,30,32,33,34,38,39,40,41,42,44,45,46,47,49,50,51,52,53,54,58,59,60,61,62,63,64,65,66,67,68,69,70,71,72,75,79,80,81,85,86,87,88,89,91,92,94,95,96,97,98
19,1,2,3,4,6,7,8,13,15,16,17,18,19,20,21,22,23,27,28,29,30,32,33,34,38,39,40,41,42,44,45,46,47,49,50,51,52,53,54,58,59,60,61,62,63,64,65,66,67,68,69,70,71,72,75,79,81,85,86,87,88,89,91,92,94,95,96,97,98
20,1,2,3,4,6,7,8,12,13,15,16,17,18,19,20,22,23,27,28,29,30,32,33,34,39,40,41,42,44,45,46,47,49,50,51,52,53,54,58,59,60,61,62,63,64,65,66,67,68,69,71,72,75,78,79,81,85,86,87,88,89,91,92,94,95,96,97,98
21,1,2,3,4,6,7,8,13,15,16,17,18,19,20,22,23,27,28,29,30,32,33,34,39,40,41,42,44,45,46,47,49,50,51,52,53,54,56,58,59,60,61,62,63,64,65,66,67,68,69,70,71,72,75,76,79,80,81,85,86,87,88,89,91,92,94,95,96,97,98
22,1,2,4,6,7,8,12,13,15,16,17,18,19,20,22,23,27,28,29,30,32,33,34,38,39,40,41,42,44,45,46,47,49,50,51,52,53,54,58,59,60,61,62,63,64,65,67,68,69,71,72,75,76,78,79,80,81,85,86,87,88,89,91,92,94,95,96,97,98
23,1,2,4,6,7,8,12,13,15,16,17,18,19,20,21,22,23,27,28,29,30,32,33,34,38,39,40,41,42,44,45,46,47,49,50,51,52,53,54,58,59,60,61,62,64,65,66,67,68,69,71,72,75,76,78,79,80,81,85,86,87,88,89,91,92,94,95,96,97,98
24,1,2,3,4,6,7,8,13,15,16,17,18,19,20,22,23,27,28,29,30,32,33,34,38,39,40,41,42,44,45,46,47,49,50,51,52,53,54,58,59,60,61,62,63,64,65,67,68,69,71,72,75,76,78,79,80,81,85,86,87,88,89,91,92,94,95,96,97,98
25,1,2,3,4,6,7,8,13,15,16,17,18,19,20,21,22,23,27,28,29,30,32,33,34,38,39,40,41,42,44,45,46,47,49,50,51,52,53,54,58,59,60,61,62,63,64,65,66,67,68,69,71,72,75,78,79,80,81,85,86,87,88,89,91,92,94,95,96,97,98
26,1,2,3,4,6,7,8,13,15,16,17,18,19,20,21,22,23,27,28,29,30,32,33,34,39,40,41,42,44,45,46,47,49,50,51,52,53,54,56,58,59,60,61,62,63,64,65,66,67,68,69,71,72,75,76,78,79,80,81,85,86,87,88,89,91,92,94,95,96,97,98
27,1,2,3,4,6,7,8,13,15,16,18,19,20,21,22,23,27,28,29,30,32,33,34,38,39,40,41,42,44,45,46,47,49,50,51,52,53,54,56,58,59,60,61,62,63,64,65,66,67,68,69,71,72,75,78,79,80,81,85,86,87,88,89,91,92,94,95,96,97,98
28,1,2,3,4,6,7,8,13,15,16,18,19,20,21,22,23,26,27,28,29,30,32,33,34,39,40,41,42,44,45,46,47,49,50,51,52,53,54,58,59,60,61,62,63,64,65,66,67,68,69,71,72,75,78,79,80,81,85,86,87,88,89,91,92,94,95,96,97,98
29,1,2,3,4,6,7,8,13,15,16,17,18,19,20,21,22,23,27,28,29,30,32,33,34,39,40,41,42,44,45,46,47,49,50,51,52,53,54,56,58,59,60,61,62,63,64,65,66,67,68,69,71,72,75,78,79,81,82,85,86,87,88,89,91,92,94,95,96,97,98
30,1,2,4,6,7,8,13,15,16,17,18,19,20,21,22,23,27,28,29,30,32,33,34,38,39,40,41,42,44,45,46,47,49,50,51,52,53,54,56,58,59,60,61,62,63,64,65,66,67,68,69,70,71,72,75,76,78,79,80,81,85,86,87,88,89,91,92,94,95,96,98
31,1,2,4,6,7,8,13,15,16,17,18,19,20,21,22,23,27,28,29,30,32,33,34,38,39,40,41,42,44,45,46,47,49,50,51,52,53,54,56,58,59,60,61,62,63,64,65,67,68,69,71,72,75,76,78,79,80,81,82,85,86,87,88,89,91,92,94,95,96,97,98
32,1,2,3,4,6,7,8,13,15,16,17,18,19,20,22,23,27,28,29,30,32,33,34,38,39,40,41,42,44,45,46,47,49,50,51,52,53,54,56,58,59,60,61,62,63,64,65,66,67,68,69,71,72,75,76,78,79,80,81,82,85,86,87,88,89,91,92,94,95,96,98
33,1,2,3,4,6,7,8,13,15,16,18,19,20,21,22,23,26,27,28,29,30,32,33,34,38,39,40,41,42,44,45,46,47,49,50,51,52,53,54,58,59,60,61,62,63,64,65,66,67,68,69,71,72,75,76,78,79,80,81,85,86,87,88,89,91,92,94,95,96,98
34,1,2,3,4,6,7,8,13,15,16,17,18,19,20,21,22,23,27,28,29,30,32,33,34,38,39,40,41,42,44,45,46,47,49,50,51,52,53,54,56,58,59,60,61,62,63,64,65,66,67,68,69,71,72,75,76,78,79,81,82,85,86,87,88,89,91,92,94,95,96,98
35,1,2,3,4,6,7,8,13,15,16,18,19,20,21,22,23,26,27,28,29,30,32,33,34,38,39,40,41,42,44,45,46,47,49,50,51,52,53,54,56,58,59,60,61,62,63,64,65,67,68,69,71,72,75,76,78,79,80,81,85,86,87,88,89,91,92,94,95,96,98
36,1,2,3,4,6,7,8,13,15,16,18,19,20,21,22,23,26,27,28,29,30,32,33,34,38,39,40,41,42,44,45,46,47,49,50,51,52,53,54,56,58,59,60,61,62,63,64,65,66,67,68,69,71,72,75,78,79,80,81,85,86,87,88,89,91,92,94,95,96,98
37,1,2,4,6,7,8,13,15,16,17,18,19,20,21,22,23,26,27,28,29,30,32,33,34,38,39,40,41,42,44,45,46,47,49,50,51,52,53,54,58,59,60,61,62,63,64,65,66,67,68,69,71,72,75,76,78,79,80,81,82,85,86,87,88,89,91,92,94,95,96,98
38,1,2,3,4,6,7,8,13,15,16,17,18,19,20,21,22,23,26,27,28,29,30,32,33,34,39,40,41,42,44,45,46,47,49,50,51,52,53,54,56,58,59,60,61,62,63,64,65,66,67,68,69,71,72,75,78,79,80,81,82,85,86,87,88,89,91,92,94,95,96,98
39,1,2,4,6,7,8,13,15,16,17,18,19,20,22,23,26,27,28,29,30,32,33,34,38,39,40,41,42,44,45,46,47,49,50,51,52,53,54,56,58,59,60,61,62,63,64,65,66,67,68,69,71,72,75,76,78,79,81,82,85,86,87,88,89,91,92,94,95,96,98
40,1,4,6,7,8,13,15,16,18,19,20,21,22,23,26,27,28,29,30,32,33,34,38,39,40,41,42,44,45,46,47,49,50,51,52,53,54,58,59,60,61,62,63,64,65,66,67,68,69,71,72,75,76,78,79,80,81,82,85,86,87,88,89,91,92,94,95,96,97,98
41,1,2,4,6,7,8,13,15,16,18,19,20,21,22,23,26,27,28,29,30,32,33,34,38,39,40,41,42,44,45,46,47,49,50,51,52,53,54,56,58,59,60,61,62,63,64,65,66,67,68,69,71,72,75,76,78,79,80,81,82,85,86,87,88,89,91,92,94,95,96,98
42,1,3,4,6,7,8,13,15,16,17,18,19,20,21,22,26,27,28,29,30,32,33,34,38,39,40,41,42,44,45,46,47,49,50,51,52,53,54,56,58,59,60,61,62,63,64,65,66,67,68,69,71,72,75,76,78,79,80,81,82,85,86,87,88,89,91,92,94,95,96,98
43,1,2,4,6,7,8,13,15,16,17,18,19,20,21,22,23,26,27,28,29,30,32,33,34,38,39,40,41,42,44,45,46,47,49,50,51,52,53,54,56,58,59,60,61,62,63,64,65,66,67,68,69,71,72,75,76,78,79,80,82,85,86,87,88,89,91,92,94,95,96,98
44,1,4,6,7,8,13,15,16,18,19,20,21,22,23,26,27,28,29,30,32,33,34,36,38,39,40,41,42,44,45,46,47,49,50,51,52,53,54,56,58,59,60,61,62,63,64,65,66,67,68,69,71,72,75,76,78,79,80,81,82,85,86,87,88,89,91,92,94,95,96,98
45,1,4,6,7,8,13,15,16,17,18,19,20,21,22,23,26,27,28,29,30,32,33,34,36,38,39,40,41,42,44,45,46,47,49,50,51,52,53,54,56,58,59,60,61,62,63,64,65,66,67,68,69,71,72,75,76,78,79,80,82,85,86,87,88,89,91,92,94,95,96,98
46,1,4,6,7,8,13,15,16,18,19,20,21,22,26,27,28,29,30,32,33,34,38,39,40,41,42,44,45,46,47,49,50,51,52,53,54,56,58,59,60,61,62,63,64,65,66,67,68,69,71,72,74,75,76,78,79,80,82,85,86,87,88,89,91,92,94,95,96,98
47,1,4,6,7,8,13,15,16,18,19,20,21,22,23,26,27,28,29,30,33,34,38,39,40,41,42,44,45,46,47,49,50,51,52,53,54,56,58,59,60,61,62,63,64,65,66,68,69,71,72,74,75,76,78,79,80,81,82,85,86,87,88,89,91,92,94,95,96,98
48,1,4,6,7,8,13,15,16,18,19,20,21,22,23,26,27,28,29,30,33,34,38,39,40,41,42,44,45,46,47,49,50,51,52,53,54,56,58,59,60,61,62,63,64,65,66,67,68,69,71,72,74,75,76,78,79,80,82,85,86,87,88,89,91,92,94,95,96,98
49,1,4,6,7,8,13,15,18,19,20,21,22,23,26,27,28,29,30,32,33,34,38,39,40,41,42,44,45,46,47,49,50,51,52,53,54,56,58,59,60,61,62,63,64,65,66,67,68,69,71,72,74,75,76,78,79,80,82,85,86,87,88,89,91,92,94,95,96,98
50,1,4,6,7,8,13,15,17,18,19,20,21,22,23,26,27,28,29,30,33,34,36,38,39,40,41,42,44,45,46,47,49,50,51,52,53,54,56,58,59,60,61,62,63,64,65,66,68,69,71,72,74,75,78,79,80,82,85,86,87,88,89,91,92,94,95,96,98
51,1,4,6,7,8,13,15,18,19,20,21,22,26,27,28,29,30,33,34,37,38,39,40,41,42,44,45,46,47,49,50,51,52,53,54,56,58,59,60,61,62,63,64,65,66,68,69,71,72,75,76,78,79,80,82,85,86,87,88,89,91,92,94,95,96,98
52,1,4,6,7,8,13,15,18,19,20,21,22,23,26,27,28,29,30,33,34,36,38,39,40,41,42,44,45,46,47,49,50,51,52,54,56,58,59,60,61,62,63,64,65,66,68,69,71,72,74,75,76,78,79,80,82,85,86,87,88,89,91,92,94,95,96,98
