# Pareto front points: solution index, citizen satisfaction, alignment
1,32581.0,19.591369999999998
2,35468.0,19.57013
3,36095.0,19.4943
4,36120.0,19.4826
5,36583.0,19.46544
6,36648.0,19.398960000000002
7,36650.0,19.37634
8,36675.0,19.36464
9,36684.0,19.34315
10,37195.0,19.34156
11,37220.0,19.32986
12,37253.0,19.300510000000003
13,38128.0,19.29707
14,38280.0,19.21578
15,38329.0,19.20408
16,38542.0,19.11931
17,38907.0,19.00361
18,39169.0,18.90714
19,39321.0,18.82585
20,39370.0,18.814149999999998
21,39473.0,18.673109999999998
22,39494.0,18.6149
23,39911.0,18.596519999999998
24,39993.0,18.239069999999998
25,40184.0,18.17964
26,40186.0,17.629669999999997
# Nash solution index
23
# Kalai-Smordinsky solution index
17
# Szymkiewicz–Simpson coefficients
# Nash vs citizen satisfaction
0.9655172413793104
# Kalai-Smordinsky vs citizen satisfaction
0.9655172413793104
# solution index , list of selected proposals
1,2,7,9,11,12,13,14,16,19,20,23,24,25,26,28,30,37,38,39,40,41,42,43,45,52,53,55,56,57,58,59,60,61,62,63,64,65,66,67,70,72,74,76,78,82,83,84,85,86,87,88,89,90
2,2,5,7,9,11,12,13,14,16,19,20,23,24,25,26,28,36,37,38,39,40,41,42,43,45,52,53,55,56,57,58,59,60,61,62,63,64,65,66,67,70,72,74,76,77,78,79,82,83,84,85,86,87,88,89,90
3,2,5,7,8,9,11,12,13,14,16,19,20,23,24,25,26,28,37,38,39,40,41,42,43,45,52,53,55,56,57,58,59,60,61,62,63,64,65,66,67,70,72,74,76,77,78,79,81,82,83,84,85,86,87,88,89,90
4,2,5,6,7,8,9,11,12,13,14,16,19,20,23,24,25,26,28,37,38,39,40,41,42,43,45,52,53,55,56,57,58,59,60,61,62,63,64,65,66,67,70,72,74,76,77,78,79,82,83,84,85,86,87,88,89,90
5,2,5,7,8,9,11,12,13,14,16,19,20,23,24,25,26,27,28,37,38,39,40,41,42,43,45,52,53,55,56,57,58,59,60,61,62,63,64,65,66,67,70,72,74,76,78,79,82,83,84,85,86,87,88,89,90
6,2,5,6,7,9,11,12,13,14,16,19,20,23,24,25,26,27,28,37,38,39,40,41,42,43,45,52,53,55,56,57,58,59,60,61,62,63,64,65,66,67,70,72,74,76,77,78,79,80,81,82,83,84,85,86,87,88,89,90
7,5,7,9,11,12,13,14,16,19,20,23,24,25,26,27,28,36,37,38,39,40,41,42,43,45,52,53,55,56,57,58,59,60,61,62,63,64,65,66,67,70,72,74,76,77,78,79,81,82,83,84,85,86,87,88,89,90
8,5,6,7,9,11,12,13,14,16,19,20,23,24,25,26,27,28,36,37,38,39,40,41,42,43,45,52,53,55,56,57,58,59,60,61,62,63,64,65,66,67,70,72,74,76,77,78,79,82,83,84,85,86,87,88,89,90
9,2,6,7,8,9,11,12,13,14,16,19,20,23,24,25,26,27,28,37,38,39,40,41,42,43,45,52,53,55,56,57,58,59,60,61,62,63,64,65,66,67,70,72,74,76,77,78,79,81,82,83,84,85,86,87,88,89,90
10,2,5,7,8,9,11,12,13,14,16,19,20,23,24,25,26,27,28,36,37,38,39,40,41,42,43,45,52,53,55,56,57,58,59,60,61,62,63,64,65,67,70,72,74,76,77,78,79,81,82,83,84,85,86,87,88,89,90
11,2,5,6,7,8,9,11,12,13,14,16,19,20,23,24,25,26,27,28,36,37,38,39,40,41,42,43,45,52,53,55,56,57,58,59,60,61,62,63,64,65,67,70,72,74,76,77,78,79,82,83,84,85,86,87,88,89,90
12,5,7,8,9,11,12,13,14,16,19,20,23,24,25,26,27,28,37,38,39,40,41,42,43,45,52,53,55,56,57,58,59,60,61,62,63,64,65,66,67,70,72,74,76,77,78,79,80,81,82,83,84,85,86,87,88,89,90
13,2,5,6,7,8,9,11,12,13,14,16,19,20,23,24,25,26,27,28,36,37,38,39,40,42,43,45,52,53,55,56,57,58,59,60,61,62,63,64,65,66,67,70,72,74,76,77,78,79,81,82,83,84,85,86,87,88,89,90
14,2,5,7,8,9,11,12,13,14,16,19,20,23,24,25,26,27,28,37,38,39,40,42,43,45,49,52,53,55,56,57,58,59,60,61,62,63,64,65,66,67,70,72,74,76,77,78,79,80,81,82,83,84,85,86,87,88,89,90
15,2,5,6,7,8,9,11,12,13,14,16,19,20,23,24,25,26,27,28,37,38,39,40,42,43,45,49,52,53,55,56,57,58,59,60,61,62,63,64,65,66,67,70,72,74,76,77,78,79,81,82,83,84,85,86,87,88,89,90
16,2,5,7,8,9,11,12,13,14,16,19,20,23,24,25,26,27,28,37,38,39,40,42,43,45,52,53,54,55,56,57,58,59,60,61,62,63,64,65,66,67,70,72,74,76,77,78,79,81,82,83,84,85,86,87,88,89,90
17,2,5,6,7,8,9,11,12,13,14,16,19,20,24,25,26,27,28,36,37,38,39,40,42,43,45,49,52,53,55,56,57,58,59,60,61,62,63,64,65,66,67,70,72,74,76,77,78,79,80,81,82,83,84,85,86,87,88,89,90
18,2,5,6,7,8,9,11,12,13,14,16,19,20,24,25,26,27,28,36,37,38,39,40,42,43,45,52,53,54,55,56,57,58,59,60,61,62,63,64,65,66,67,70,72,74,76,77,78,79,81,82,83,84,85,86,87,88,89,90
19,2,5,7,8,9,11,12,13,14,16,19,20,24,25,26,27,28,37,38,39,40,42,43,45,49,52,53,54,55,56,57,58,59,60,61,62,63,64,65,66,67,70,72,74,76,77,78,79,80,81,82,83,84,85,86,87,88,89,90
20,2,5,6,7,8,9,11,12,13,14,16,19,20,24,25,26,27,28,37,38,39,40,42,43,45,49,52,53,54,55,56,57,58,59,60,61,62,63,64,65,66,67,70,72,74,76,77,78,79,81,82,83,84,85,86,87,88,89,90
21,2,5,6,7,8,9,11,12,13,14,16,19,20,24,25,26,27,28,36,37,38,39,40,42,43,45,49,52,53,54,55,56,57,58,59,60,61,62,63,64,65,67,70,72,74,76,77,78,79,80,81,82,83,84,85,86,87,88,89,90
22,5,6,7,8,9,11,12,13,14,16,19,20,23,24,25,26,27,28,37,38,39,40,42,43,45,49,52,53,54,55,56,57,58,59,60,61,62,63,64,66,67,70,72,74,76,77,78,79,80,81,82,83,84,85,86,87,88,89,90
23,2,5,6,7,8,9,11,12,13,14,16,19,20,24,25,26,27,28,36,37,38,39,40,42,43,45,49,52,53,54,55,56,57,58,59,60,61,62,63,64,66,67,70,72,74,76,77,78,79,81,82,83,84,85,86,87,88,89,90
24,2,5,6,7,8,9,11,12,13,14,16,19,20,24,25,26,27,28,36,37,38,39,40,42,43,45,49,52,54,55,56,57,58,59,60,61,62,63,64,66,67,70,72,74,76,77,78,79,80,81,82,83,84,85,86,87,88,89,90
25,5,6,7,8,9,11,12,13,14,16,19,20,24,25,26,27,28,36,37,38,39,40,42,43,45,49,52,53,54,55,56,57,58,59,60,61,62,63,64,66,67,69,70,72,74,76,77,78,79,80,81,82,83,84,85,87,88,89,90
26,2,5,6,7,8,9,11,12,13,14,16,19,20,24,25,26,27,28,36,37,38,39,40,42,43,45,49,52,54,55,56,57,58,59,60,61,62,63,64,66,67,69,70,72,74,76,77,78,79,80,81,82,83,84,87,88,89,90
