# Pareto front points: solution index, citizen satisfaction, alignment
1,17301.0,13.49242
2,18423.0,13.47526
3,18630.0,13.372869999999999
4,18707.0,13.210799999999999
5,18710.0,13.14359
6,18778.0,13.062249999999999
7,18889.0,13.003719999999998
8,19133.0,12.943119999999999
9,19152.0,12.51504
10,19190.0,12.467709999999999
11,19383.0,12.31543
12,19414.0,11.963019999999998
13,19445.0,11.181319999999998
# Nash solution index
3
# Kalai-Smordinsky solution index
6
# Szymkiewicz–Simpson coefficients
# Nash vs citizen satisfaction
0.9354838709677419
# Kalai-Smordinsky vs citizen satisfaction
0.967741935483871
# solution index , list of selected proposals
1,2,6,7,8,10,11,15,16,17,18,19,20,21,22,24,26,27,28,30,33,34,35,36,40,43,47,48,49,54,57,58,59
2,2,6,7,8,10,11,15,16,17,18,19,20,21,22,24,26,27,28,30,33,34,35,36,40,43,44,45,47,49,54,57,58,59
3,2,6,7,8,10,11,12,15,16,17,18,19,20,21,22,24,26,27,28,30,33,35,36,40,43,44,45,47,48,49,54,57,58,59
4,2,6,7,8,10,11,15,16,17,18,19,21,22,24,26,27,28,30,33,34,35,36,40,43,44,45,47,48,49,54,57,58,59
5,2,6,7,8,10,11,12,14,15,16,17,18,19,21,22,24,26,27,28,30,33,34,35,36,40,43,44,45,47,49,54,57,58,59
6,2,6,7,8,10,11,12,15,16,17,18,19,20,21,22,24,26,27,28,30,33,35,36,40,42,43,44,45,47,48,49,54,57,58
7,2,6,7,8,10,11,12,15,16,17,18,19,21,22,24,26,27,28,30,33,35,36,40,42,43,44,45,47,48,49,54,57,58,59
8,2,6,7,8,10,11,12,15,16,17,18,19,21,22,24,26,27,28,30,33,34,35,36,40,42,43,44,45,47,48,49,54,57,58
9,2,3,6,7,8,10,11,15,16,17,18,19,21,22,24,26,27,28,30,33,35,36,40,42,43,44,45,47,49,54,57,58
10,2,6,7,8,10,11,12,15,16,17,18,19,21,22,24,26,27,28,30,32,33,34,35,36,40,42,43,44,45,47,48,54,57,58
11,2,3,6,7,8,10,11,12,15,16,17,18,19,21,22,24,26,27,28,30,33,34,35,36,40,43,44,45,47,54,57,58
12,2,3,6,7,8,10,11,12,15,16,17,18,19,21,22,24,26,27,30,33,35,36,40,42,43,44,45,47,48,54,57,58
13,2,3,6,7,8,10,11,12,16,17,18,21,22,24,26,27,28,30,33,35,36,40,42,43,44,45,47,48,54,57,58
