# Pareto front points: solution index, citizen satisfaction, alignment
1,54196.0,20.221610000000002
2,55024.999999999316,20.188720000000007
3,55508.0,20.162940000000003
4,55701.0,20.144560000000006
5,55836.0,20.114180000000005
6,56634.99999999999,20.110240000000005
7,57182.0,20.101620000000004
8,57694.0,20.09840000000001
9,57733.0,20.071890000000007
10,57887.0,20.046110000000006
11,57973.0,20.03713000000001
12,58160.0,20.025430000000007
13,58288.0,20.02257000000001
14,58303.0,20.001950000000004
15,58355.0,19.98157000000001
16,59188.0,19.973830000000007
17,59451.0,19.955450000000006
18,59712.0,19.92290000000001
19,60612.0,19.874160000000007
20,60789.0,19.762790000000006
21,60858.99999999999,19.762790000000003
22,60882.0,19.714390000000005
23,60921.0,19.698800000000006
24,61254.0,19.692070000000008
25,61262.0,19.690180000000005
26,61334.0,19.673020000000005
27,61980.0,19.642110000000006
28,62267.0,19.549120000000002
29,62432.99999999999,19.439660000000003
30,62504.0,19.39092
31,62537.0,19.38935
32,62576.0,19.37376
33,62909.0,19.367030000000003
34,62917.0,19.36514
35,62989.0,19.34798
36,63062.0,19.267360000000004
37,63334.99999999999,19.252940000000002
38,63410.0,19.22885
39,63514.0,19.225990000000003
40,63531.0,19.225230000000003
41,63540.0,19.208830000000006
42,63631.0,19.165890000000008
43,63714.0,19.099970000000003
44,63832.0,19.077580000000008
45,63897.0,19.051090000000006
46,63913.99999999999,19.04125
47,63923.0,19.024850000000008
48,64253.0,19.024090000000005
49,64507.0,18.991200000000006
50,64579.0,18.974040000000006
51,64703.0,18.840050000000005
52,64777.000000000015,18.831430000000008
53,64873.0,18.81706000000001
54,65004.00000000007,18.815840000000016
55,65229.0,18.790060000000008
56,65432.0,18.71739000000001
57,65448.00000000003,18.59081000000001
58,65692.0,18.543870000000005
59,65986.0,18.386890000000008
60,66203.0,18.20358000000001
61,66310.0,18.061850000000007
62,66331.0,17.964550000000006
63,66368.0,17.927070000000004
64,66433.0,17.86260000000001
65,66572.0,17.862600000000008
66,66595.0,17.644969999999997
67,66655.0,17.63951000000001
68,66735.0,17.602030000000006
69,66837.0,17.462880000000006
70,66874.0,17.440260000000002
71,66954.0,17.402780000000003
72,67037.0,17.179690000000004
73,67052.0,17.060560000000002
74,67216.00000000001,17.014540000000004
75,67218.0,16.989060000000002
76,67244.0,16.97190000000001
77,67291.0,16.826990000000002
78,67330.0,16.816420000000004
79,67435.0,16.81529
80,67549.0,16.61717
81,67561.0,16.592200000000002
82,67600.0,16.52924
83,67626.0,16.49649
84,67675.0,16.394080000000002
85,67779.99999999999,16.392950000000027
86,67894.0,16.194830000000003
87,67931.0,15.879140000000003
88,67954.0,15.743350000000003
89,67968.0,15.682750000000002
90,67969.0,15.624220000000001
91,68056.0,15.604200000000002
92,68082.0,15.484630000000003
93,68083.0,15.426100000000002
94,68122.0,15.318690000000004
95,68182.0,14.933530000000003
96,68248.0,14.715900000000001
# Nash solution index
55
# Kalai-Smordinsky solution index
48
# Szymkiewicz–Simpson coefficients
# Nash vs citizen satisfaction
0.9310344827586207
# Kalai-Smordinsky vs citizen satisfaction
0.896551724137931
# solution index , list of selected proposals
1,2,3,8,9,10,11,12,15,16,17,18,19,20,21,22,23,24,25,29,31,33,34,35,36,38,42,43,44,45,46,47,48,49,50,54,55,56,63,64,66,68,72,75,76,78,79,80,84,85,88,89,90,92,93,94,97,101,102,105,106
2,2,3,8,9,10,11,12,15,16,17,18,19,20,21,22,23,24,25,29,31,33,34,35,36,38,42,43,44,45,46,47,48,49,50,54,55,56,63,64,66,68,72,75,76,78,79,80,81,83,84,85,88,89,90,92,93,94,97,100,101,102,105,106
3,2,3,8,9,10,11,12,15,16,17,18,19,20,21,22,23,24,25,29,31,33,34,35,36,38,42,43,44,45,46,47,48,49,50,54,55,56,63,64,66,67,68,72,75,76,78,79,80,81,83,84,85,88,89,90,92,93,94,101,102,105,106
4,2,3,8,9,10,11,12,15,16,17,18,19,20,21,22,23,24,25,28,29,31,33,34,35,36,38,42,43,44,45,46,47,48,49,50,54,55,56,63,64,66,68,75,76,78,79,80,81,83,84,85,88,89,90,92,93,94,97,101,102,105,106
5,2,3,8,9,10,11,12,15,16,17,18,19,20,21,22,23,24,25,29,31,33,34,35,36,38,42,43,44,45,46,47,48,49,50,54,55,56,63,64,66,68,72,75,76,78,79,80,81,84,85,88,89,90,92,93,94,95,100,101,102,105
6,2,3,8,9,10,11,12,15,16,17,18,19,20,21,22,23,24,25,29,31,33,34,35,36,38,42,43,44,45,46,47,48,49,50,54,55,56,63,64,66,68,75,76,78,80,83,84,85,88,89,90,92,93,94,95,97,101,102,105,106
7,2,3,8,9,10,11,12,15,16,17,18,19,20,21,22,23,24,25,29,31,33,34,35,36,38,42,43,44,45,46,47,48,49,50,54,55,56,63,64,66,68,75,76,78,79,80,81,83,84,85,88,89,90,92,94,95,97,101,102,105,106
8,2,3,8,9,10,11,12,15,16,17,18,19,20,21,22,23,24,25,29,31,33,34,35,36,38,42,43,44,45,46,47,48,49,50,54,55,56,63,64,66,67,68,75,76,78,79,80,81,84,85,88,89,90,92,93,94,95,97,100,101,102,103,105,106
9,2,8,9,10,11,12,15,16,17,18,19,20,21,22,23,24,25,29,31,33,34,35,36,38,42,43,44,45,46,47,48,49,50,54,55,56,63,64,66,68,72,75,76,78,79,80,83,84,85,88,89,90,92,93,94,95,100,101,102,105,106
10,2,8,9,10,11,12,15,16,17,18,19,20,21,22,23,24,25,29,31,33,34,35,36,38,42,43,44,45,46,47,48,49,50,54,55,56,63,64,66,68,72,75,76,78,79,80,81,83,84,85,88,89,90,92,93,94,95,101,102,105,106
11,2,3,8,9,10,11,12,15,16,17,18,19,20,21,22,23,24,25,29,31,33,34,35,36,38,42,43,44,45,46,47,48,49,50,54,55,56,63,64,66,67,68,75,76,78,79,80,81,83,84,85,88,89,90,92,93,94,95,97,100,101,102,105
12,2,3,8,9,10,11,12,15,16,17,18,19,20,21,22,23,24,25,29,33,34,35,36,38,42,43,44,45,46,47,48,49,50,54,55,56,63,64,66,67,68,75,76,78,79,80,81,83,84,85,88,89,90,92,93,94,95,97,100,101,102,105,106
13,2,3,8,9,10,11,12,15,16,17,18,19,20,21,22,23,24,25,29,31,33,34,35,36,38,42,43,44,45,46,47,48,49,50,54,55,56,63,64,66,67,68,75,76,77,78,79,80,81,83,84,85,88,89,90,92,93,94,95,100,101,102,103,105,106
14,2,8,9,10,11,12,15,16,17,18,19,20,21,22,23,24,25,28,29,31,33,34,35,36,38,42,43,44,45,46,47,48,49,50,54,55,56,63,64,66,68,75,76,78,79,80,81,83,84,85,88,89,90,92,94,95,97,101,102,105,106
15,2,8,9,10,11,12,15,16,17,18,19,20,21,22,23,24,25,28,29,31,33,34,35,36,38,42,43,44,45,46,47,48,49,50,54,55,56,63,64,66,67,68,75,76,78,79,80,84,85,88,89,90,92,93,94,95,97,100,101,102,103,105,106
16,2,3,8,9,10,11,12,15,16,17,18,19,20,21,22,23,25,29,31,33,34,35,36,38,42,43,44,45,46,47,48,49,50,54,55,56,63,64,66,67,68,72,75,76,78,79,80,81,83,84,85,88,89,90,92,93,94,95,100,101,102,103,105,106
17,2,3,8,9,10,11,12,15,16,17,18,19,20,21,22,23,25,28,29,31,33,34,35,36,38,42,43,44,45,46,47,48,49,50,54,55,56,63,64,66,67,68,75,76,78,79,80,81,83,84,85,88,89,90,92,93,94,95,97,100,101,102,105,106
18,2,8,9,10,11,12,15,16,17,18,19,20,21,22,23,24,25,29,31,33,34,35,36,38,42,43,44,45,46,47,48,49,50,54,55,56,63,64,66,67,68,75,76,77,78,79,80,81,83,84,85,88,89,90,92,93,94,95,97,100,101,102,103,105,106
19,2,8,9,10,11,12,15,16,17,18,19,20,21,22,23,25,29,31,33,34,35,36,38,42,43,44,45,46,47,48,49,50,54,55,56,63,64,66,67,68,72,75,76,78,79,80,81,83,84,85,88,89,90,92,93,94,95,97,100,101,102,103,105,106
20,2,8,9,10,11,12,15,16,17,18,19,20,21,22,23,25,28,29,31,33,34,35,36,38,42,43,44,45,46,47,48,49,50,54,55,56,63,64,66,68,75,76,78,79,80,81,83,84,85,88,89,90,92,93,94,95,97,98,100,101,102,103,105,106
21,2,8,9,10,11,12,15,16,17,18,19,20,21,22,23,25,28,29,31,33,34,35,36,38,42,43,44,45,46,47,48,49,50,54,55,56,63,64,66,67,68,75,76,78,79,80,81,83,84,85,88,89,90,92,93,94,95,97,98,100,101,102,105,106
22,2,8,9,10,11,12,15,16,17,18,19,20,21,22,23,25,28,29,31,33,34,35,36,38,42,43,45,46,47,48,49,50,54,55,56,63,64,66,67,68,72,75,76,78,79,80,81,83,84,85,88,89,90,92,93,94,95,97,101,102,103,105,106
23,2,8,10,11,12,15,16,17,18,19,20,21,22,23,25,28,29,31,33,34,35,36,38,42,43,44,45,46,47,48,49,50,54,55,56,63,64,66,67,68,72,75,76,78,79,80,81,83,84,85,88,89,90,92,93,94,95,97,100,101,102,105,106
24,2,8,9,10,11,12,15,16,17,19,20,21,22,23,25,29,31,33,34,35,36,38,42,43,44,45,46,47,48,49,50,54,55,56,63,64,66,67,68,69,72,75,76,77,78,79,80,81,83,84,85,88,89,90,92,93,94,95,97,100,101,102,103,105,106
25,2,8,9,10,12,15,16,17,18,19,20,21,22,23,25,28,29,31,33,34,35,36,38,42,43,44,45,46,47,48,49,50,54,55,56,63,64,66,67,68,69,72,75,76,78,79,80,81,83,84,85,88,89,90,92,93,94,95,97,101,102,103,105,106
26,2,8,10,11,12,15,16,17,18,19,20,21,22,23,25,28,29,31,33,34,35,36,38,42,43,44,45,46,47,48,49,50,54,55,56,63,64,66,67,68,72,75,76,78,79,80,81,83,84,85,88,89,90,92,93,94,95,97,101,102,103,105,106
27,2,8,9,10,11,12,15,16,17,18,19,20,21,22,23,25,28,29,31,33,34,35,38,42,43,44,45,46,47,48,49,50,54,55,56,63,64,66,67,68,72,75,76,78,79,80,81,83,84,85,88,89,90,92,93,94,95,97,100,101,102,103,105,106
28,2,8,9,10,11,12,15,16,17,18,19,20,21,22,23,25,29,31,33,34,35,38,42,43,44,45,46,47,48,49,50,54,55,56,63,64,66,67,68,72,75,76,78,79,80,81,83,84,85,88,89,90,92,93,94,95,97,98,100,101,102,103,105,106
29,2,8,10,11,12,15,16,17,18,19,20,21,22,23,25,28,29,31,33,34,35,36,38,42,43,44,45,46,47,48,49,50,54,55,56,63,64,66,67,68,69,75,76,77,78,79,80,81,83,84,85,88,89,90,92,93,94,95,97,98,100,101,102,103,105,106
30,2,8,9,10,12,15,16,17,18,19,20,21,22,23,25,28,29,31,33,34,35,38,42,43,44,45,46,47,48,49,50,54,55,56,63,64,66,67,68,69,72,75,76,78,79,80,81,83,84,85,88,89,90,92,93,94,95,97,98,100,101,102,105,106
31,2,8,9,10,11,12,15,16,17,18,19,20,21,22,23,25,28,29,31,33,34,35,38,42,43,45,46,47,48,49,50,54,55,56,63,64,66,67,68,72,75,76,78,79,80,81,83,84,85,88,89,90,92,93,94,95,97,98,101,102,103,105,106
32,2,8,10,11,12,15,16,17,18,19,20,21,22,23,25,28,29,31,33,34,35,38,42,43,44,45,46,47,48,49,50,54,55,56,63,64,66,67,68,72,75,76,78,79,80,81,83,84,85,88,89,90,92,93,94,95,97,98,100,101,102,105,106
33,2,8,9,10,11,12,15,16,17,19,20,21,22,23,25,29,31,33,34,35,38,42,43,44,45,46,47,48,49,50,54,55,56,63,64,66,67,68,69,72,75,76,77,78,79,80,81,83,84,85,88,89,90,92,93,94,95,97,98,100,101,102,103,105,106
34,2,8,9,10,12,15,16,17,18,19,20,21,22,23,25,28,29,31,33,34,35,38,42,43,44,45,46,47,48,49,50,54,55,56,63,64,66,67,68,69,72,75,76,78,79,80,81,83,84,85,88,89,90,92,93,94,95,97,98,101,102,103,105,106
35,2,8,10,11,12,15,16,17,18,19,20,21,22,23,25,28,29,31,33,34,35,38,42,43,44,45,46,47,48,49,50,54,55,56,63,64,66,67,68,72,75,76,78,79,80,81,83,84,85,88,89,90,92,93,94,95,97,98,101,102,103,105,106
36,2,4,8,9,10,11,12,15,16,17,18,19,20,21,22,23,25,29,31,33,34,35,38,42,43,45,46,47,48,49,50,54,55,56,63,64,66,67,68,69,72,75,76,77,78,79,80,81,83,84,85,88,89,90,92,93,94,95,97,98,100,101,102,103,105,106
37,2,8,9,10,11,12,15,16,17,18,19,20,21,22,23,25,29,31,33,34,35,38,43,44,45,46,47,48,49,50,54,55,56,63,64,66,67,68,69,72,75,76,77,78,79,80,81,83,84,85,88,89,90,92,93,94,95,97,98,100,101,102,103,105,106
38,2,8,10,11,12,15,16,17,18,19,20,21,22,23,25,28,29,33,34,35,38,42,43,44,45,46,47,48,49,50,54,55,56,63,64,66,67,68,69,72,75,76,78,79,80,81,83,84,85,88,89,90,92,93,94,95,97,98,100,101,102,103,105,106
39,2,4,8,10,11,12,15,16,17,18,19,20,21,22,23,25,29,31,33,34,35,38,42,43,44,45,46,47,48,49,50,54,55,56,63,64,66,67,68,69,72,75,76,77,78,79,80,81,83,84,85,88,89,90,92,93,94,95,97,98,100,101,102,103,105,106
40,2,8,9,10,11,12,15,16,17,18,19,20,21,22,23,25,26,29,31,33,34,35,38,42,43,44,45,46,47,48,49,50,54,55,56,63,64,66,67,68,69,75,76,78,79,80,81,83,84,85,88,89,90,92,93,94,95,97,100,101,102,103,105,106
41,2,8,10,11,12,15,16,17,18,19,20,21,22,23,25,29,31,33,34,35,38,42,43,44,45,46,47,48,49,50,54,55,56,63,64,66,67,68,69,71,72,75,76,78,79,80,81,83,84,85,88,89,90,92,93,94,95,97,98,100,101,102,103,105,106
42,2,8,10,11,12,15,16,17,19,20,21,22,23,25,28,29,31,33,34,35,38,42,43,44,45,46,47,48,49,50,54,55,56,63,64,66,67,68,69,72,75,76,77,78,79,80,81,83,84,85,88,89,90,92,93,94,95,97,98,101,102,103,105,106
43,2,8,10,11,12,15,16,17,18,19,20,21,22,23,25,26,29,31,33,34,35,38,42,43,44,45,46,47,48,49,50,54,55,56,63,64,66,67,68,72,75,76,78,79,80,81,83,84,85,88,89,90,92,93,94,95,97,100,101,102,103,105
44,2,8,10,11,12,15,16,17,18,19,20,21,22,23,25,28,29,31,33,34,35,38,43,44,45,46,47,48,49,50,54,55,56,63,64,66,67,68,69,72,75,76,78,79,80,81,83,84,85,88,89,90,92,93,94,95,97,98,100,101,102,103,105,106
45,2,8,10,11,12,15,16,17,19,20,21,22,23,25,26,29,31,33,34,35,38,42,43,44,45,46,47,48,49,50,54,55,56,63,64,66,67,68,72,75,76,78,79,80,81,83,84,85,88,89,90,92,93,94,95,97,100,101,102,103,105,106
46,2,8,9,10,12,15,16,17,18,19,20,21,22,23,25,26,28,29,31,33,34,35,38,42,43,44,45,46,47,48,49,50,54,55,56,63,64,66,67,68,69,75,76,77,78,79,80,81,83,84,85,88,89,90,92,93,94,95,97,101,102,103,105,106
47,2,8,10,12,15,16,17,18,19,20,21,22,23,25,28,29,31,33,34,35,38,42,43,44,45,46,47,48,49,50,54,55,56,63,64,66,67,68,69,71,72,75,76,77,78,79,80,81,83,84,85,88,89,90,92,93,94,95,97,98,101,102,103,105,106
48,2,8,10,11,12,15,16,17,18,19,20,21,22,23,25,26,28,29,31,33,34,35,38,42,43,44,45,46,47,48,49,50,54,55,56,63,64,66,67,68,69,75,76,78,79,80,81,83,84,85,88,89,90,92,93,94,95,97,101,102,103,105,106
49,2,8,9,10,12,15,16,17,18,19,20,21,22,23,25,26,29,31,33,34,35,38,42,43,44,45,46,47,48,49,50,54,55,56,63,64,66,67,68,69,75,76,77,78,79,80,81,83,84,85,88,89,90,92,93,94,95,97,98,100,101,102,103,105,106
50,2,8,10,11,12,15,16,17,18,19,20,21,22,23,25,26,29,31,33,34,35,38,42,43,44,45,46,47,48,49,50,54,55,56,63,64,66,67,68,75,76,77,78,79,80,81,83,84,85,88,89,90,92,93,94,95,97,98,100,101,102,103,105,106
51,2,8,10,11,12,15,16,17,18,19,20,21,22,23,25,26,28,29,31,33,34,35,38,42,43,45,46,47,48,49,50,54,55,56,63,64,66,67,68,69,75,76,78,79,80,81,83,84,85,88,89,90,92,93,94,95,97,98,100,101,102,105,106
52,2,8,9,10,12,15,16,17,18,19,20,21,22,23,25,26,28,29,31,33,34,35,38,42,43,45,46,47,48,49,50,54,55,56,63,64,66,67,68,69,75,76,77,78,79,80,81,83,84,85,88,89,90,92,93,94,95,97,98,101,102,103,105,106
53,2,8,10,12,15,16,17,19,20,21,22,23,25,26,29,31,33,34,35,38,42,43,44,45,46,47,48,49,50,54,55,56,63,64,66,67,68,72,75,76,77,78,79,80,81,83,84,85,88,89,90,92,93,94,95,97,98,100,101,102,103,105,106
54,2,8,10,12,15,16,17,18,19,20,21,22,23,25,26,28,29,31,33,34,35,38,42,43,44,45,46,47,48,49,50,54,55,56,63,64,66,67,68,69,75,76,78,79,80,81,83,84,85,88,89,90,92,93,94,95,97,98,100,101,102,103,105,106
55,2,8,10,12,15,16,17,18,19,20,21,22,23,25,26,28,29,31,33,34,35,38,42,43,44,45,46,47,48,49,50,54,55,56,63,64,66,67,68,69,75,76,77,78,79,80,81,83,84,85,88,89,90,92,93,94,95,97,98,101,102,103,105,106
56,2,8,10,12,15,16,17,18,19,20,21,22,23,25,26,29,31,33,34,35,38,42,43,45,46,47,48,49,50,54,55,56,63,64,66,67,68,69,72,75,76,77,78,79,80,81,83,84,85,88,89,90,92,93,94,95,97,98,100,101,102,103,105,106
57,2,8,10,12,15,16,17,19,20,21,22,23,25,26,28,29,31,33,34,35,38,42,43,44,45,46,47,48,49,50,54,55,56,63,64,66,67,68,69,75,76,77,78,79,80,81,83,84,85,86,88,89,90,92,93,94,95,97,98,101,102,103,105,106
58,2,8,10,11,12,15,16,17,18,19,20,21,22,23,25,26,28,29,31,33,34,35,38,43,45,46,47,48,49,50,54,55,56,63,64,66,67,68,69,75,76,77,78,79,80,81,83,84,85,88,89,90,92,93,94,95,97,98,100,101,102,103,105,106
59,2,8,10,12,15,16,17,19,20,21,22,23,25,26,28,29,31,33,34,35,38,43,45,46,47,48,49,50,54,55,56,63,64,66,67,68,69,72,75,76,77,78,79,80,81,83,84,85,88,89,90,92,93,94,95,97,98,100,101,102,103,105,106
60,2,8,10,12,15,16,17,18,19,20,21,22,23,25,26,28,29,31,33,34,35,38,43,45,46,47,48,49,50,54,55,56,63,64,66,67,68,69,71,75,76,77,78,79,80,81,83,84,85,86,88,89,90,92,93,94,95,97,98,100,101,102,103,105,106
61,2,8,10,12,15,16,17,18,20,21,22,23,25,26,28,29,31,33,34,35,38,43,45,46,47,48,49,50,54,55,56,63,64,66,67,68,69,72,75,76,77,78,79,80,81,83,84,85,88,89,90,92,93,94,95,97,98,100,101,102,103,105,106
62,2,8,10,12,16,17,19,20,21,22,23,25,26,28,29,31,33,34,35,38,43,45,46,47,48,49,50,54,55,56,63,64,66,67,68,69,71,72,75,76,77,78,79,80,81,83,84,85,88,89,90,92,93,94,95,97,98,100,101,102,103,105,106
63,2,8,10,12,15,16,19,20,21,22,23,25,26,28,29,31,33,34,35,38,43,45,46,47,48,49,50,54,55,56,63,64,66,67,68,69,72,75,76,77,78,79,80,81,83,84,85,86,88,89,90,92,93,94,95,97,98,101,102,103,105,106
64,2,4,8,10,12,15,16,17,20,21,22,23,25,26,28,29,31,33,34,35,38,43,45,46,47,48,49,50,54,55,56,63,64,66,67,68,69,71,72,75,76,78,79,80,81,83,84,85,88,89,90,92,93,94,95,97,98,100,101,102,103,105,106
65,2,8,10,12,15,16,17,20,21,22,23,25,26,28,29,31,33,34,35,38,43,45,46,47,48,49,50,54,55,56,63,64,66,67,68,69,71,72,75,76,77,78,79,80,81,83,84,85,88,89,90,92,93,94,95,97,98,100,101,102,103,105,106
66,8,10,12,15,16,17,18,20,21,22,23,25,26,28,29,31,33,34,35,38,43,45,46,47,48,49,50,54,55,56,63,64,66,67,68,69,72,75,76,77,78,79,80,81,83,84,85,86,88,89,90,92,93,94,95,97,98,100,101,102,103,105,106
67,2,8,10,12,16,17,18,20,21,22,23,25,26,28,29,31,33,34,35,38,43,44,45,46,47,48,49,50,54,55,56,63,64,66,67,68,69,71,72,75,76,77,78,79,80,81,83,84,85,88,89,90,92,93,94,95,97,98,100,101,102,103,105,106
68,2,8,10,12,15,16,18,20,21,22,23,25,26,28,29,31,33,34,35,38,43,45,46,47,48,49,50,54,55,56,63,64,66,67,68,69,71,72,75,76,77,78,79,80,81,83,84,85,88,89,90,92,93,94,95,97,98,101,102,103,105,106
69,2,4,8,10,12,15,16,18,20,21,22,23,25,26,29,31,33,34,35,38,43,45,46,47,48,49,50,54,55,56,63,64,66,67,68,69,71,72,75,76,77,78,79,80,81,83,84,85,86,88,89,90,92,93,94,95,97,98,100,101,102,103,105,106
70,2,8,10,12,16,17,20,21,22,23,25,26,28,29,31,33,34,35,38,43,45,46,47,48,49,50,54,55,56,63,64,66,67,68,69,71,72,75,76,77,78,79,80,81,83,84,85,86,88,89,90,92,93,94,95,97,98,100,101,102,103,105,106
71,2,8,10,12,15,16,20,21,22,23,25,26,28,29,31,33,34,35,38,43,45,46,47,48,49,50,54,55,56,63,64,66,67,68,69,71,72,75,76,77,78,79,80,81,83,84,85,86,88,89,90,92,93,94,95,97,98,101,102,103,105,106
72,2,8,10,12,16,18,20,21,22,23,25,26,28,29,31,33,34,35,38,43,45,46,47,48,49,50,54,55,56,63,64,66,67,68,69,71,72,75,76,77,78,79,80,81,83,84,85,86,88,89,90,92,93,94,95,97,98,101,102,103,105,106
73,2,4,8,10,12,16,18,20,21,22,23,25,26,28,29,33,34,35,38,43,45,46,47,48,49,50,54,55,56,63,64,66,67,68,69,71,72,75,76,77,78,79,80,81,83,84,85,86,88,89,90,92,93,94,95,97,98,100,101,102,103,105,106
74,2,8,10,12,15,16,18,20,21,22,23,25,26,29,33,34,35,38,43,45,46,47,48,49,50,54,55,56,61,63,64,66,67,68,69,75,76,77,78,79,80,81,83,84,85,88,89,90,92,93,94,95,97,98,100,101,102,103,105,106
75,2,4,8,10,12,16,17,20,21,22,23,25,26,29,31,33,34,35,38,43,45,46,47,48,49,50,54,55,56,61,63,64,66,67,68,69,75,76,77,78,79,80,81,83,84,85,88,89,90,92,93,94,95,97,98,100,101,102,103,105,106
76,2,8,10,12,16,17,20,21,22,23,25,26,29,31,33,34,35,38,43,45,46,47,48,49,50,54,55,56,61,63,64,66,67,68,69,71,75,76,78,79,80,81,83,84,85,88,89,90,92,93,94,95,97,98,100,101,102,103,105,106
77,2,8,10,12,15,16,20,21,22,23,25,26,29,31,33,34,35,38,43,45,46,47,48,49,50,54,55,56,61,63,64,66,67,68,69,71,75,76,77,78,79,80,81,83,84,85,88,89,90,92,93,94,95,97,98,100,101,102,103,105
78,2,8,10,12,15,16,18,20,21,22,23,25,26,29,31,33,34,35,38,43,45,46,47,48,49,50,54,55,56,61,63,64,66,67,68,69,76,77,78,79,80,81,83,84,85,88,89,90,92,93,94,95,97,98,100,101,102,103,105,106
79,2,8,10,12,15,16,20,21,22,23,25,26,29,33,34,35,38,43,45,46,47,48,49,50,54,55,56,61,63,64,66,67,68,69,75,76,77,78,79,80,81,83,84,85,86,88,89,90,92,93,94,95,97,98,100,101,102,103,105,106
80,2,8,10,12,15,16,20,21,22,23,25,26,29,31,33,34,35,38,43,45,46,47,48,49,50,54,55,56,61,63,64,66,67,68,69,76,77,78,79,80,81,83,84,85,86,88,89,90,92,93,94,95,97,98,100,101,102,103,105,106
81,2,8,10,12,16,18,20,21,22,23,25,26,29,33,34,35,38,43,45,46,47,48,49,50,54,55,56,61,63,64,66,67,68,69,71,75,76,77,78,79,80,81,83,84,85,88,89,90,92,93,94,95,97,98,100,101,102,103,105,106
82,2,4,8,10,12,16,20,21,22,23,25,26,29,31,33,34,35,38,43,45,46,47,48,49,50,54,55,56,61,63,64,66,67,68,69,75,76,77,78,79,80,81,83,84,85,86,88,89,90,92,93,94,95,97,98,101,102,103,105,106
83,2,8,10,12,16,17,20,21,22,23,25,26,29,31,33,34,35,38,43,45,46,47,48,49,50,54,55,56,61,63,64,66,67,68,69,75,76,77,78,79,80,81,83,84,85,86,88,89,90,92,93,94,95,97,98,100,101,102,103,106
84,2,8,10,12,16,18,20,21,22,23,25,26,29,31,33,34,35,38,43,45,46,47,48,49,50,54,55,56,61,63,64,66,67,68,69,71,76,77,78,79,80,81,83,84,85,88,89,90,92,93,94,95,97,98,100,101,102,103,105,106
85,2,8,10,12,16,18,20,21,22,23,25,26,29,31,33,34,35,38,43,45,46,47,48,49,50,54,55,56,61,63,64,66,67,68,69,71,75,76,77,78,79,80,81,83,84,85,86,88,89,90,92,93,94,95,97,98,100,101,102,103,105,106
86,2,8,10,12,16,20,21,22,23,25,26,29,31,33,34,35,38,43,45,46,47,48,49,50,54,55,56,61,63,64,66,67,68,69,71,76,77,78,79,80,81,83,84,85,86,88,89,90,92,93,94,95,97,98,100,101,102,103,105,106
87,2,4,8,10,12,16,20,21,22,23,25,26,28,29,31,33,34,35,38,43,45,46,47,48,49,50,54,55,56,61,63,64,66,67,68,69,71,75,76,77,79,80,81,83,84,85,86,88,89,90,93,94,95,97,98,100,101,102,103,105,106
88,2,8,10,12,16,20,21,22,23,25,26,28,29,31,33,34,35,38,43,45,46,47,48,49,50,54,55,56,61,63,64,66,67,68,69,71,75,76,77,79,80,81,83,84,85,88,89,90,92,93,94,95,97,98,101,102,103,106
89,8,10,12,16,20,21,22,23,25,26,28,29,33,34,35,38,43,45,46,47,48,49,50,54,55,56,61,63,64,66,67,68,69,71,75,76,77,79,80,81,83,84,85,86,88,89,90,92,93,94,95,97,98,100,101,102,103,105,106
90,2,4,8,10,12,16,20,21,22,23,25,26,28,29,33,34,35,38,43,45,46,47,48,49,50,54,55,56,61,63,64,66,67,68,69,71,75,76,77,79,80,81,83,84,85,88,89,90,92,93,94,95,97,98,100,101,102,103,106
91,2,4,8,10,12,16,20,21,22,23,25,26,29,31,33,34,35,38,43,45,46,47,48,49,50,54,55,56,61,63,64,66,67,68,69,71,75,76,77,79,80,81,83,84,85,86,88,89,90,92,93,94,95,97,98,100,101,102,103,106
92,8,10,12,16,20,21,22,23,25,26,28,29,31,33,34,35,38,43,45,46,47,48,49,50,54,55,56,61,63,64,66,67,68,69,71,76,77,79,80,81,83,84,85,86,88,89,90,92,93,94,95,97,98,100,101,102,103,105,106
93,2,4,8,10,12,16,20,21,22,23,25,26,28,29,31,33,34,35,38,43,45,46,47,48,49,50,54,55,56,61,63,64,66,67,68,69,71,76,77,79,80,81,83,84,85,88,89,90,92,93,94,95,97,98,100,101,102,103,106
94,2,8,10,12,16,20,21,23,25,26,28,29,31,33,34,35,38,43,45,46,47,48,49,50,54,55,56,61,63,64,66,67,68,69,71,75,76,77,79,80,81,83,84,85,88,89,90,92,93,94,95,97,98,100,101,102,103,106
95,2,8,10,12,16,21,22,23,25,26,28,29,31,33,34,35,38,43,45,46,47,48,49,50,54,55,56,61,63,64,66,67,68,69,71,76,77,79,80,81,83,84,85,86,88,89,90,92,93,94,95,97,98,100,101,102,103,106
96,8,10,12,16,18,21,22,23,25,26,28,29,31,33,34,35,38,43,45,46,47,48,49,50,54,55,56,61,63,64,66,67,68,69,71,76,77,79,80,81,83,84,85,86,88,89,90,92,93,94,95,97,98,100,101,102,103,106
