# Pareto front points: solution index, citizen satisfaction, alignment
1,8672.0,11.141370000000004
2,8698.0,11.073360000000005
3,8793.0,11.029250000000005
4,8952.0,11.022890000000004
5,9245.0,11.007570000000003
6,9340.0,10.963460000000003
7,9575.0,10.895450000000004
8,9647.0,10.889610000000001
9,9768.0,10.777490000000004
10,9875.0,10.682910000000003
11,9896.0,10.632960000000002
12,9911.0,10.614900000000002
13,10026.0,10.564950000000003
14,10053.0,10.402880000000003
15,10065.0,10.352410000000003
16,10076.0,10.258350000000004
17,10161.0,10.234450000000002
# Nash solution index
13
# Kalai-Smordinsky solution index
9
# Szymkiewicz–Simpson coefficients
# Nash vs citizen satisfaction
0.9444444444444444
# Kalai-Smordinsky vs citizen satisfaction
0.9166666666666666
# solution index , list of selected proposals
1,3,4,5,7,8,12,13,14,15,18,19,20,21,24,25,26,27,28,29,33,35,39,40,42,43,45,46,47,48,49,50,51,52,53
2,3,4,5,7,8,12,13,14,18,19,20,21,24,25,26,27,28,29,33,35,39,40,41,42,43,45,46,47,48,49,50,51,52,53
3,3,4,5,7,8,12,13,14,18,19,20,21,24,25,26,27,28,29,33,35,39,40,42,43,44,45,46,47,48,49,50,51,52,53
4,3,4,5,7,8,12,13,14,15,17,18,19,20,21,24,25,26,27,28,29,33,35,39,40,41,42,43,45,46,47,48,49,50,51,52
5,1,3,4,5,7,8,12,13,14,15,17,18,19,20,21,24,25,26,27,28,33,35,39,40,41,42,43,45,46,47,48,49,50,51,52,53
6,1,3,4,5,7,8,12,13,14,15,17,18,19,20,21,24,25,26,27,28,33,35,39,40,42,43,44,45,46,47,48,49,50,51,52,53
7,1,2,3,4,5,7,8,12,13,14,15,18,19,20,21,24,25,26,27,28,33,35,39,40,41,42,43,44,45,46,47,48,49,50,51,52
8,1,3,4,5,7,8,10,12,13,14,15,18,19,20,21,24,25,26,27,28,33,35,39,40,41,42,43,45,46,47,48,49,50,51,52,53
9,1,3,4,5,7,8,10,12,13,14,18,19,20,21,24,25,26,27,28,33,35,39,40,41,42,43,44,45,46,47,48,49,50,51,52,53
10,1,3,4,5,7,8,10,12,13,14,15,17,18,19,20,21,24,25,26,27,28,33,35,39,40,41,42,43,44,45,46,47,48,49,50,52
11,1,3,4,5,7,8,10,12,13,14,15,17,18,19,20,21,24,25,26,27,28,33,35,39,40,42,43,44,45,46,47,48,49,50,51,52
12,1,3,4,5,7,8,10,12,13,14,15,18,19,20,21,24,25,26,27,28,33,35,37,39,40,41,42,43,44,45,46,47,48,49,50,51,52
13,1,2,3,4,5,7,8,10,12,13,14,15,18,19,20,21,24,25,26,27,28,33,35,39,40,41,42,43,44,45,46,47,48,50,51,52
14,1,2,3,4,5,7,8,10,12,13,14,18,19,20,21,24,25,26,27,28,33,35,40,41,42,43,44,45,46,47,48,49,50,51,52
15,1,2,3,4,5,7,10,12,13,14,15,17,18,19,20,21,24,25,26,27,28,33,35,39,40,41,42,43,44,45,46,47,48,50,51,52
16,1,2,3,4,5,7,8,10,12,13,14,15,17,18,19,20,21,24,25,26,27,28,33,35,40,42,43,44,45,46,47,48,50,51,52
17,1,2,3,4,5,7,8,10,12,13,14,15,17,19,20,21,24,25,26,27,28,33,35,40,41,42,43,44,45,46,47,48,49,50,51,52
