# Pareto front points: solution index, citizen satisfaction, alignment
1,35233.0,14.195420000000004
2,35609.00000000002,14.02896000000001
3,35969.0,13.894280000000004
4,36199.0,13.659810000000004
5,36291.0,13.589920000000005
6,36418.0,13.383650000000005
7,36522.0,13.328240000000005
8,36773.0,13.289590000000004
9,36927.0,12.973510000000005
10,36962.0,12.959090000000003
# Nash solution index
1
# Kalai-Smordinsky solution index
3
# Szymkiewicz–Simpson coefficients
# Nash vs citizen satisfaction
0.9555555555555556
# Kalai-Smordinsky vs citizen satisfaction
0.9777777777777777
# solution index , list of selected proposals
1,2,3,4,5,6,7,8,10,11,12,13,14,15,17,18,19,20,21,22,23,24,25,26,27,28,29,30,31,32,33,34,35,36,37,38,39,40,41,42,43,44,45,46,48,49,50
2,2,3,4,5,6,7,8,10,11,12,13,14,15,17,18,19,20,22,23,24,25,26,27,28,29,30,31,32,33,34,35,36,37,38,39,40,41,42,43,44,45,46,48,49,50,51
3,2,3,4,5,6,7,8,10,11,12,13,14,15,17,18,19,20,21,23,24,25,26,27,28,29,30,31,32,33,34,35,36,37,38,39,40,41,42,43,44,45,46,47,48,49,50
4,2,3,4,5,6,7,8,10,11,12,13,14,15,17,18,19,20,22,23,24,25,26,27,28,29,30,31,32,33,34,35,36,37,38,39,40,41,42,43,45,46,47,48,49,50,51
5,2,3,4,5,6,7,8,10,11,12,13,14,15,17,18,19,21,22,23,24,25,26,27,28,29,30,31,32,33,34,35,36,37,38,39,40,41,42,43,45,46,48,49,50,51
6,2,4,5,6,7,8,10,11,12,13,14,15,17,18,19,20,21,22,23,24,25,26,27,28,29,30,31,32,33,34,35,36,37,38,39,40,41,42,43,45,46,47,48,49,50,51
7,2,3,4,5,6,7,8,10,11,12,13,14,15,18,19,20,21,23,24,25,26,27,28,29,30,31,32,33,34,35,36,37,38,39,40,41,42,43,45,46,47,48,49,50,51
8,2,3,4,5,6,7,8,10,11,12,13,14,15,17,18,19,20,21,23,24,25,26,27,28,29,30,31,32,33,34,35,36,37,38,39,40,41,42,43,45,46,47,49,50,51
9,2,3,4,5,6,7,8,10,11,12,13,15,17,18,19,20,21,23,24,25,26,27,28,29,30,31,32,33,34,35,36,37,38,39,40,41,42,43,45,46,47,48,49,50,51
10,2,3,4,5,6,7,8,10,11,12,13,14,15,17,18,19,20,21,23,24,25,26,27,28,29,30,31,32,33,34,35,36,37,38,39,41,42,43,45,46,47,48,49,50,51
