# Pareto front points: solution index, citizen satisfaction, alignment
1,28785.0,21.464000000000013
2,29464.0,21.433570000000014
3,29715.0,21.400780000000015
4,29971.0,21.39609000000001
5,30140.0,21.377760000000013
6,30222.0,21.363300000000013
7,30391.0,21.344970000000014
8,31074.999999999993,21.327290000000012
9,31326.0,21.294500000000014
10,31858.0,21.27523000000001
11,31915.0,21.242440000000013
12,31929.0,21.202280000000012
13,32203.0,21.19950000000001
14,32372.0,21.181170000000012
15,32400.0,21.12291000000001
16,32615.999999999956,21.11264
17,32884.0,21.10680000000001
18,32921.0,21.07985000000001
19,32984.0,21.063590000000016
20,33053.0,21.06269000000001
21,33229.0,21.05685000000001
22,33267.0,21.044320000000013
23,33292.999999999985,21.021320000000006
24,33425.0,21.004160000000013
25,33567.0,20.96863000000001
26,33595.0,20.910370000000015
27,33669.0,20.909200000000013
28,33703.0,20.877580000000012
29,33717.0,20.859250000000014
30,33897.0,20.849100000000014
31,33946.0,20.83724000000001
32,33978.0,20.81767000000001
33,34414.0,20.80788000000001
34,34463.0,20.73219000000001
35,34732.0,20.713820000000013
36,34810.0,20.62827000000001
37,34873.0,20.59433000000001
38,35005.0,20.57987000000001
39,35019.0,20.56154000000001
40,35182.0,20.528750000000013
41,35209.0,20.450050000000015
42,35359.0,20.42743000000001
43,35374.0,20.383320000000012
44,35418.0,20.365260000000013
45,35500.0,20.361830000000015
46,35726.0,20.342260000000014
47,35763.0,20.315310000000014
48,35837.0,20.230140000000013
49,35868.0,20.180190000000014
50,35950.0,20.176760000000016
51,36044.0,20.091070000000013
52,36045.0,20.078870000000013
53,36126.999999999985,20.075440000000004
54,36142.0,20.03133000000001
55,36315.0,19.990270000000013
56,36352.0,19.96332000000001
57,36436.0,19.89648000000001
58,36605.0,19.878150000000012
59,36634.0,19.726880000000012
60,36787.0,19.70972000000001
61,36894.0,19.486000000000008
62,36929.0,19.436050000000012
63,36973.0,19.32622000000001
64,37064.00000000002,19.28478000000002
65,37109.0,19.17967000000001
66,37188.0,19.01989000000001
67,37295.0,18.796170000000007
68,37320.0,18.46567000000001
69,37370.0,18.354720000000004
70,37419.0,18.30477000000001
71,37440.00000000001,18.02305000000001
72,37450.0,17.752050000000008
73,37470.999999999985,17.684039999999978
74,37475.0,17.42155000000001
75,37496.0,17.35354000000001
76,37525.0,17.310600000000008
77,37546.0,17.242590000000003
78,37595.0,17.19264000000001
# Nash solution index
58
# Kalai-Smordinsky solution index
46
# Szymkiewicz–Simpson coefficients
# Nash vs citizen satisfaction
0.9655172413793104
# Kalai-Smordinsky vs citizen satisfaction
0.9137931034482759
# solution index , list of selected proposals
1,1,2,4,5,7,8,11,12,14,17,18,19,20,22,25,27,29,30,31,32,33,34,35,36,38,39,40,42,44,45,46,47,48,49,50,53,55,56,57,60,61,64,65,66,67,68,70,73,74,75,76,77,79,80,81,84,85,87,90,91
2,1,2,4,5,7,8,11,12,14,17,18,19,20,22,25,27,29,30,32,33,34,35,36,38,39,40,42,44,45,46,47,48,49,50,53,55,56,57,60,61,64,65,66,67,68,70,73,74,75,76,77,79,80,81,82,84,85,87,90,91
3,1,2,4,5,7,8,11,12,14,17,18,19,20,22,25,27,29,30,32,33,34,35,36,38,39,40,42,44,45,46,47,48,49,50,53,55,56,57,60,61,64,65,66,67,68,70,73,74,75,76,77,79,80,81,82,85,87,88,90,91
4,1,2,4,5,7,8,11,12,14,17,18,19,20,22,25,27,29,30,31,32,33,34,35,36,38,39,40,42,44,45,46,47,48,49,50,53,55,56,57,61,64,65,66,67,68,70,73,74,75,76,77,79,80,81,82,84,85,87,90,91
5,1,2,4,5,7,8,11,12,14,17,18,19,20,22,25,27,29,30,31,32,33,34,35,36,38,39,40,42,44,45,46,47,48,49,50,53,55,56,57,60,61,64,65,66,67,68,70,73,74,75,76,77,79,80,81,82,84,85,90,91
6,1,2,4,5,7,8,11,12,14,17,18,19,20,22,25,27,29,30,31,32,33,34,35,36,38,39,40,42,44,45,46,47,48,49,50,53,55,56,57,61,64,65,66,67,68,70,73,74,75,76,77,79,80,81,82,85,87,88,90,91
7,1,2,4,5,7,8,11,12,14,17,18,19,20,22,25,27,29,30,31,32,33,34,35,36,38,39,40,42,44,45,46,47,48,49,50,53,55,56,57,60,61,64,65,66,67,68,70,73,74,75,76,77,79,80,81,82,85,88,90,91
8,1,2,4,5,7,8,11,12,14,17,18,19,20,22,25,27,29,30,31,32,33,34,35,36,38,39,42,44,45,46,47,48,49,50,53,55,56,58,60,61,64,65,66,67,68,70,73,74,75,76,77,79,80,81,82,84,85,87,90,91
9,1,2,4,5,7,8,11,12,14,17,18,19,20,22,25,27,29,30,31,32,33,34,35,36,38,39,42,44,45,46,47,48,49,50,53,55,56,58,60,61,64,65,66,67,68,70,73,74,75,76,77,79,80,81,82,85,87,88,90,91
10,1,2,4,5,7,8,11,12,14,17,18,20,22,25,27,29,30,31,32,33,34,35,36,38,39,40,42,44,45,46,47,48,49,50,53,55,56,57,58,60,61,64,65,66,67,68,70,73,74,75,76,77,79,80,81,82,83,84,85,87,88,90,91
11,1,2,4,5,7,8,11,12,14,17,18,20,22,25,27,29,30,31,32,33,34,35,36,38,39,40,42,44,45,46,47,48,49,50,53,55,56,57,58,60,61,64,65,66,67,68,70,73,74,75,76,77,79,80,81,82,84,85,87,88,89,90,91
12,1,2,4,5,7,8,11,12,14,17,18,20,22,25,27,29,30,31,32,33,34,35,36,37,38,39,42,44,45,46,47,48,49,50,53,55,56,57,58,60,61,64,65,66,67,68,70,73,74,75,76,77,79,80,81,82,85,87,88,90,91
13,1,2,4,5,7,8,11,12,14,17,18,20,22,25,27,29,30,31,32,33,34,35,36,38,39,40,42,44,45,46,47,48,49,50,53,55,56,57,58,61,64,65,66,67,68,69,70,73,74,75,76,77,79,80,81,82,84,85,87,88,90,91
14,1,2,4,5,7,8,11,12,14,17,18,20,22,25,27,29,30,31,32,33,34,35,36,38,39,40,42,44,45,46,47,48,49,50,53,55,56,57,58,60,61,64,65,66,67,68,69,70,73,74,75,76,77,79,80,81,82,84,85,88,90,91
15,1,2,4,5,7,8,11,12,14,17,18,20,22,25,27,29,30,31,32,33,34,35,36,38,39,40,42,44,45,46,47,48,49,50,53,55,56,57,58,60,61,65,66,67,68,70,71,73,74,76,77,79,80,81,82,84,85,87,88,90,91
16,1,2,4,5,7,8,11,12,14,17,18,19,20,22,25,27,29,30,31,32,33,34,35,36,38,39,40,42,44,45,46,47,48,49,50,53,55,56,58,60,61,64,65,66,67,68,69,70,73,74,76,77,79,80,81,82,83,84,85,87,88,90,91
17,1,2,4,5,7,8,11,12,13,14,17,18,20,22,25,27,29,30,31,32,33,34,35,36,38,39,40,42,44,45,46,47,48,49,50,53,55,56,58,60,61,64,65,66,67,68,69,70,73,74,75,76,77,79,80,81,82,84,85,87,88,90,91
18,1,2,4,5,7,8,11,12,14,17,18,20,22,25,27,29,30,31,32,33,34,35,36,38,39,40,42,44,45,46,47,48,49,50,53,55,56,58,60,61,64,65,66,67,68,69,70,73,74,75,76,77,79,80,81,82,83,84,85,87,88,89,90,91
19,1,2,4,5,7,8,11,12,14,17,18,20,22,25,27,28,29,30,31,32,33,34,35,36,38,39,40,42,44,45,46,47,48,49,50,53,55,56,58,60,61,64,65,66,67,68,69,70,73,74,75,76,77,79,80,81,82,85,87,90,91
20,1,2,4,5,7,8,11,12,14,17,18,20,22,25,27,28,29,30,31,32,33,34,35,36,38,39,40,42,44,45,46,47,48,49,50,53,55,56,58,60,61,64,65,66,67,68,70,73,74,75,76,77,79,80,81,82,83,84,85,87,88,89,90,91
21,1,2,4,5,7,8,11,12,14,17,18,20,22,25,27,29,30,31,32,33,34,35,36,37,38,39,40,42,44,45,46,47,48,49,50,53,55,56,58,60,61,64,65,66,67,68,69,70,73,74,75,76,77,79,80,81,82,84,85,87,88,90,91
22,1,2,4,5,7,8,11,12,14,17,18,20,22,25,27,28,29,30,31,32,33,34,35,36,38,39,40,42,44,45,46,47,48,49,50,53,55,56,57,58,60,61,64,65,66,67,68,69,70,73,74,76,77,79,80,81,82,84,85,87,88,90,91
23,1,2,4,5,7,8,11,12,14,17,18,20,22,25,27,29,30,31,32,33,34,35,36,38,39,40,42,44,45,46,47,48,49,50,53,55,56,58,60,61,64,65,66,67,68,69,70,71,73,74,76,77,79,80,81,82,85,87,88,90,91
24,1,2,4,5,7,8,11,12,14,17,18,20,22,25,27,28,29,30,31,32,33,34,35,36,38,39,40,42,44,45,46,47,48,49,50,53,55,56,58,60,61,64,65,66,67,68,70,71,73,74,76,77,79,80,81,82,85,87,88,90,91
25,1,2,4,5,7,8,11,12,14,17,18,20,22,25,27,28,29,30,31,32,33,34,35,36,38,39,40,42,44,45,46,47,48,49,50,53,55,56,58,60,61,64,65,66,67,68,69,70,73,74,75,76,77,79,80,81,82,84,85,88,89,90,91
26,1,2,4,5,7,8,11,12,14,17,18,20,22,25,27,28,29,30,31,32,33,34,35,36,38,39,40,42,44,45,46,47,48,49,50,53,55,56,58,60,61,65,66,67,68,70,71,73,74,76,77,79,80,81,82,84,85,87,88,89,90,91
27,1,2,4,5,7,11,12,14,17,18,20,22,25,27,28,29,30,31,32,33,34,35,36,38,39,40,42,44,45,46,47,48,49,50,53,55,56,57,58,60,61,64,65,66,67,68,70,71,73,74,76,77,79,80,81,82,84,85,87,88,90,91
28,1,2,4,5,7,8,11,12,14,17,18,20,22,25,27,28,29,30,31,32,33,34,35,36,37,38,39,40,42,44,45,46,47,48,49,50,53,55,56,57,58,60,61,65,66,67,68,69,70,73,74,76,77,79,80,81,82,85,87,88,90,91
29,1,2,4,5,7,8,11,12,14,17,18,20,22,25,27,28,29,30,31,32,33,34,35,36,37,38,39,40,42,44,45,46,47,48,49,50,53,55,56,57,58,60,61,64,65,66,67,68,69,70,73,74,76,77,79,80,81,82,85,88,90,91
30,1,2,4,5,7,8,11,12,14,17,18,20,22,25,27,28,29,30,31,32,33,34,35,36,38,39,40,42,44,45,46,47,48,49,50,53,55,56,58,61,64,65,66,67,68,69,70,71,73,74,76,77,79,80,81,82,84,85,88,90,91
31,1,2,4,5,7,8,11,12,14,17,18,20,22,25,27,28,29,30,31,32,33,34,35,36,38,39,40,42,44,45,46,47,48,49,50,53,55,56,58,59,60,61,64,65,66,67,68,69,70,73,74,76,77,79,80,81,82,83,85,87,88,90,91
32,1,2,4,5,7,8,11,12,13,14,17,18,20,22,25,27,28,29,30,31,32,33,34,35,36,37,38,39,40,42,44,45,46,47,48,49,50,53,55,56,58,60,61,64,65,66,67,68,69,70,73,74,76,77,79,80,81,82,84,85,87,90,91
33,1,2,4,5,7,8,11,12,14,17,18,20,22,25,27,28,29,30,31,32,33,34,35,36,37,38,39,40,42,44,45,46,47,48,49,50,53,55,56,58,60,61,64,65,66,67,68,69,70,73,74,76,77,79,80,81,82,83,84,85,87,88,89,90,91
34,1,2,4,5,7,11,12,14,17,18,20,22,25,27,28,29,30,31,32,33,34,35,36,37,38,39,40,42,44,45,46,47,48,49,50,53,55,56,58,60,61,64,65,66,67,68,69,70,73,74,75,76,77,79,80,81,82,83,84,85,87,88,90,91
35,1,2,4,5,7,11,12,14,17,18,20,22,25,27,28,29,30,31,32,33,34,35,36,38,39,40,42,44,45,46,47,48,49,50,53,55,56,58,60,61,64,65,66,67,68,69,70,71,73,74,76,77,79,80,81,82,84,85,87,88,89,90,91
36,1,2,4,5,7,11,12,14,17,18,20,22,25,27,28,29,30,31,32,33,34,35,36,37,38,39,40,42,44,45,46,47,48,49,50,51,53,55,56,58,60,61,64,65,66,67,68,69,70,73,74,76,77,79,80,81,82,84,85,87,88,90,91
37,1,2,4,5,7,11,12,14,17,18,20,22,25,27,28,29,30,31,32,33,34,35,36,37,38,39,42,44,45,46,47,48,49,50,53,55,56,58,60,61,64,65,66,67,68,69,70,71,73,74,76,77,79,80,81,82,83,84,85,88,90,91
38,1,2,4,5,7,11,12,14,17,18,20,22,25,27,28,29,30,31,32,33,34,35,36,37,38,39,40,42,44,45,46,47,48,49,50,53,55,56,58,60,61,65,66,67,68,69,70,71,73,74,76,77,79,80,81,82,84,85,87,88,90,91
39,1,2,4,5,7,11,12,14,17,18,20,22,25,27,28,29,30,31,32,33,34,35,36,37,38,39,40,42,44,45,46,47,48,49,50,53,55,56,58,60,61,64,65,66,67,68,69,70,71,73,74,76,77,79,80,81,82,84,85,88,90,91
40,1,2,4,5,7,11,12,14,17,18,20,22,25,27,28,29,30,31,32,33,34,35,36,37,38,39,40,42,44,45,46,47,48,49,50,53,55,56,58,60,61,64,65,66,67,68,69,70,71,73,74,76,77,79,80,81,82,85,88,89,90,91
41,1,2,4,5,7,11,12,13,14,17,18,20,22,25,27,28,29,30,31,32,33,34,35,36,37,38,39,40,42,44,45,46,47,48,49,50,53,55,56,58,59,60,61,64,65,66,67,68,69,70,73,74,76,77,79,80,81,82,85,87,88,89,90,91
42,1,2,4,5,7,11,12,14,17,18,20,22,25,27,28,29,30,31,32,33,34,35,36,37,38,39,40,42,44,45,46,48,49,50,53,55,56,58,60,61,64,65,66,67,68,69,70,71,73,74,76,77,79,80,81,82,84,85,87,88,89,90,91
43,1,2,4,5,7,11,12,14,17,18,20,22,25,27,28,29,30,31,32,33,34,35,36,37,38,39,40,42,44,45,46,47,48,49,50,53,55,56,58,60,61,64,65,66,67,68,69,70,71,73,76,77,79,80,81,82,83,84,85,87,88,89,90,91
44,1,2,4,5,7,11,12,13,14,17,18,20,22,25,27,28,29,30,31,33,34,35,36,38,39,40,42,44,45,46,47,48,49,50,53,55,56,58,60,61,64,65,66,67,68,69,70,71,73,74,76,77,79,80,81,82,83,84,85,87,88,89,90,91
45,1,2,4,5,7,11,12,14,17,18,20,22,25,27,28,29,30,31,33,34,35,36,38,39,40,42,44,45,46,47,48,49,50,53,55,56,58,59,60,61,64,65,66,67,68,69,70,71,73,74,76,77,79,80,81,82,84,85,87,88,89,90,91
46,1,2,4,5,7,11,12,13,14,17,18,20,22,25,27,28,29,30,31,33,34,35,36,37,38,39,40,42,44,45,46,47,48,49,50,53,55,56,58,60,61,64,65,66,67,68,69,70,71,73,74,76,77,79,80,81,82,84,85,87,88,90,91
47,1,2,4,5,7,11,12,14,17,18,20,22,25,27,28,29,30,31,33,34,35,36,37,38,39,40,42,44,45,46,47,48,49,50,53,55,56,58,60,61,64,65,66,67,68,69,70,71,73,74,76,77,79,80,81,82,83,84,85,87,88,89,90,91
48,2,4,5,7,11,12,13,14,17,18,20,22,25,27,28,29,30,31,32,33,34,35,36,37,38,39,40,42,44,45,46,47,48,49,50,53,55,56,58,60,61,64,65,66,67,68,69,70,71,73,74,76,77,79,80,81,82,83,84,85,88,89,90,91
49,1,2,4,5,7,11,12,13,14,17,18,20,22,25,27,28,29,30,31,33,34,35,36,37,38,39,40,42,44,45,46,47,48,49,50,53,55,56,58,60,61,64,65,66,67,68,69,70,71,73,74,76,77,79,80,81,82,83,85,88,89,90,91
50,1,2,4,5,7,11,12,14,17,18,20,22,25,27,28,29,30,31,33,34,35,36,37,38,39,40,42,44,45,46,47,48,49,50,53,55,56,58,59,60,61,64,65,66,67,68,69,70,71,73,74,76,77,79,80,81,82,85,88,89,90,91
51,2,4,5,7,11,12,14,17,18,20,22,25,27,28,29,30,31,32,33,34,35,36,37,38,39,40,42,44,45,46,47,48,49,50,53,55,56,58,59,60,61,64,65,66,67,68,69,70,71,74,76,77,79,80,81,82,83,84,85,87,88,90,91
52,1,2,4,5,7,11,12,13,14,17,18,20,22,25,27,28,29,30,31,33,34,35,36,37,38,39,40,42,44,45,46,48,49,50,53,55,56,58,60,61,64,65,66,67,68,69,70,71,73,74,76,77,79,80,81,82,83,84,85,87,88,89,90,91
53,1,2,4,5,7,11,12,14,17,18,20,22,25,27,28,29,30,31,33,34,35,36,37,38,39,40,42,44,45,46,48,49,50,53,55,56,58,59,60,61,64,65,66,67,68,69,70,71,73,74,76,77,79,80,81,82,84,85,87,88,89,90,91
54,1,2,4,5,7,11,12,14,17,18,20,22,25,27,28,29,30,31,33,34,35,36,37,38,39,40,42,44,45,46,47,48,49,50,53,55,56,58,59,60,61,64,65,66,67,68,69,70,71,73,76,77,79,80,81,82,83,84,85,87,88,89,90,91
55,2,4,5,7,11,12,13,14,17,18,20,22,25,27,28,29,30,31,33,34,35,36,37,38,39,40,42,44,45,46,47,48,49,50,53,55,56,58,59,60,61,64,65,66,67,68,69,70,71,73,74,76,77,79,80,81,82,84,85,87,88,90,91
56,2,4,5,7,11,12,14,17,18,20,22,25,27,28,29,30,31,33,34,35,36,37,38,39,40,42,44,45,46,47,48,49,50,53,55,56,58,59,60,61,64,65,66,67,68,69,70,71,73,74,76,77,79,80,81,82,83,84,85,87,88,89,90,91
57,2,4,5,7,11,12,13,14,17,18,20,22,25,27,28,29,30,31,33,34,35,36,37,38,39,40,42,44,45,46,47,48,49,50,53,55,56,58,59,61,64,65,66,67,68,69,70,71,73,74,76,77,79,80,81,82,83,84,85,87,88,89,90,91
58,2,4,5,7,11,12,13,14,17,18,20,22,25,27,28,29,30,31,33,34,35,36,37,38,39,40,42,44,45,46,47,48,49,50,53,55,56,58,59,60,61,64,65,66,67,68,69,70,71,73,74,76,77,79,80,81,82,83,84,85,88,89,90,91
59,2,4,5,7,11,12,13,14,17,18,20,22,25,27,28,29,30,31,33,34,35,36,37,38,39,40,42,44,45,46,48,49,50,53,55,56,58,59,60,61,64,65,66,67,68,69,70,71,73,74,76,77,79,80,81,82,83,84,85,87,88,89,90,91
60,2,4,5,7,11,12,13,14,17,18,20,22,25,27,28,29,30,31,33,34,35,36,37,38,39,40,42,44,45,46,47,48,49,50,53,55,56,58,59,60,61,64,65,66,67,68,69,70,71,74,76,77,79,80,81,82,83,84,85,87,88,89,90,91
61,2,4,5,7,11,12,14,17,18,20,22,25,27,28,29,30,31,33,34,35,36,37,38,39,40,42,44,45,46,48,49,50,51,53,55,56,58,59,60,61,64,65,66,67,68,69,70,71,74,76,77,79,80,81,82,83,84,85,88,89,90,91
62,2,4,5,7,11,12,13,14,17,18,20,22,25,27,28,29,30,31,33,34,35,36,37,38,39,40,42,44,45,46,47,48,49,50,51,53,55,56,58,59,60,61,64,65,66,67,68,69,70,71,76,77,79,80,81,82,84,85,88,89,90,91
63,2,4,5,7,9,11,12,14,17,18,20,22,25,27,28,29,30,31,33,34,35,36,37,38,39,40,42,44,45,46,47,48,49,50,53,55,56,58,59,60,61,64,65,66,67,68,69,70,71,76,77,79,80,81,82,83,84,85,87,88,89,90,91
64,2,4,5,7,11,12,13,14,17,18,20,22,25,27,28,29,30,31,33,34,35,36,37,38,39,40,42,44,45,46,48,49,50,51,53,55,56,58,59,60,61,64,65,66,67,68,69,70,71,76,77,79,80,81,82,83,84,85,87,88,89,90,91
65,2,4,5,7,11,12,13,14,17,18,20,22,25,27,28,29,30,31,33,34,35,36,37,38,39,40,42,44,45,46,48,49,50,51,53,55,56,58,59,60,61,64,65,66,67,68,69,70,71,74,76,77,80,81,82,83,84,85,88,89,90,91
66,2,4,5,7,9,11,12,13,14,17,18,20,22,25,27,28,29,30,31,33,34,35,36,37,38,39,40,42,44,45,46,47,48,49,50,53,55,56,58,59,60,61,64,65,66,67,68,69,70,71,76,77,80,81,82,83,84,85,87,88,89,90,91
67,2,4,5,7,9,11,12,14,17,18,20,22,25,27,28,29,30,31,33,34,35,36,37,38,39,40,42,44,45,46,48,49,50,51,53,55,56,58,59,60,61,64,65,66,67,68,69,70,71,76,77,80,81,82,83,84,85,88,89,90,91
68,2,4,5,9,11,12,13,14,17,18,20,22,25,27,28,29,30,31,33,34,35,36,37,38,39,40,42,44,45,46,48,49,50,51,53,55,56,58,59,60,61,64,65,66,67,68,69,70,71,76,77,80,81,82,83,85,88,89,90,91
69,2,4,5,7,9,12,13,14,17,18,20,22,25,27,28,29,30,31,33,34,35,36,37,38,39,40,42,44,45,46,48,49,50,51,53,55,56,58,59,60,61,65,66,67,68,69,70,71,76,77,80,81,82,83,84,85,88,89,90,91
70,2,4,5,7,9,11,12,13,14,17,20,22,25,27,28,29,30,31,33,34,35,36,37,38,39,40,42,44,45,46,48,49,50,51,53,55,56,58,59,60,61,65,66,67,68,69,70,71,76,77,80,81,82,83,84,85,88,89,90,91
71,2,4,5,7,9,11,12,13,14,18,20,22,25,27,28,29,30,31,33,34,35,36,37,38,39,40,42,44,45,46,48,49,50,51,53,55,56,58,59,60,61,64,65,66,67,68,69,70,71,76,80,81,82,83,84,85,88,89,90,91
72,2,4,5,7,9,11,12,14,15,17,20,22,25,27,28,29,30,31,33,34,35,36,37,38,39,40,42,44,45,46,48,49,50,53,55,56,58,59,60,61,64,65,66,67,68,69,70,71,76,80,81,82,83,84,85,88,89,90,91
73,2,4,5,7,9,11,12,14,15,18,20,22,25,27,28,29,30,31,33,34,35,36,37,38,39,40,42,44,45,46,48,49,50,53,55,56,58,59,60,61,64,65,66,67,68,69,70,71,76,80,81,82,83,84,85,88,89,90,91
74,2,4,5,9,11,12,13,14,15,17,20,22,25,27,28,29,30,31,33,34,35,36,37,38,39,40,42,44,45,46,48,49,50,53,55,56,58,59,60,61,64,65,66,67,68,69,70,71,76,80,81,82,83,85,88,89,90,91
75,2,4,5,9,11,12,13,14,15,18,20,22,25,27,28,29,30,31,33,34,35,36,37,38,39,40,42,44,45,46,48,49,50,53,55,56,58,59,60,61,64,65,66,67,68,69,70,71,76,80,81,82,83,85,88,89,90,91
76,2,4,5,7,9,12,13,14,15,17,20,22,25,27,28,29,30,31,33,34,35,36,37,38,39,40,42,44,45,46,48,49,50,53,55,56,58,59,60,61,65,66,67,68,69,70,71,76,80,81,82,83,84,85,88,89,90,91
77,2,4,5,7,9,12,13,14,15,18,20,22,25,27,28,29,30,31,33,34,35,36,37,38,39,40,42,44,45,46,48,49,50,53,55,56,58,59,60,61,65,66,67,68,69,70,71,76,80,81,82,83,84,85,88,89,90,91
78,2,4,5,7,9,11,12,13,14,15,20,22,25,27,28,29,30,31,33,34,35,36,37,38,39,40,42,44,45,46,48,49,50,53,55,56,58,59,60,61,65,66,67,68,69,70,71,76,80,81,82,83,84,85,88,89,90,91
