# Pareto front points: solution index, citizen satisfaction, alignment
1,27481.0,17.625080000000004
2,29566.0,17.609760000000005
3,29715.0,17.464850000000006
4,29879.0,17.306210000000004
5,30071.0,17.296420000000005
6,30097.0,17.134350000000005
7,30213.0,17.113050000000005
8,30351.000000000007,16.965920000000004
9,30384.0,16.936230000000005
10,30435.0,16.818270000000005
11,30533.0,16.791320000000006
12,30664.0,16.605730000000005
13,30813.0,16.460820000000005
14,30839.0,16.248280000000005
15,30890.0,16.130320000000005
# Nash solution index
2
# Kalai-Smordinsky solution index
6
# Szymkiewicz–Simpson coefficients
# Nash vs citizen satisfaction
0.9215686274509803
# Kalai-Smordinsky vs citizen satisfaction
0.9607843137254902
# solution index , list of selected proposals
1,1,2,5,6,7,8,9,10,12,13,14,15,16,20,21,22,23,24,25,28,29,30,32,34,35,37,38,39,40,42,44,45,47,49,50,51,53,54,55,56,57,58,59,60,61,62,63,64,65
2,1,2,3,4,5,6,7,8,9,10,12,13,14,16,18,19,20,21,22,24,25,26,28,29,30,32,34,35,37,38,39,40,42,44,45,47,49,50,51,53,54,55,56,57,58,59,60,61,62,63,64,65
3,1,2,3,4,5,6,7,8,9,10,12,13,14,16,17,19,20,21,22,24,25,26,28,29,30,32,34,35,37,38,39,40,42,44,45,47,49,50,51,53,54,55,56,57,58,59,60,61,62,63,64,65
4,1,2,3,4,5,6,8,9,10,12,13,14,16,18,20,21,22,24,25,26,28,29,30,32,33,34,35,37,38,39,40,42,44,45,47,49,50,51,52,53,54,55,56,57,58,59,60,61,62,63,64,65
5,1,2,3,4,5,6,8,9,10,12,13,14,16,17,18,19,20,21,22,24,25,26,28,29,30,32,34,35,37,38,39,40,42,44,45,47,49,50,51,52,53,54,55,56,57,58,59,60,61,62,63,64,65
6,1,2,3,4,5,6,8,9,10,12,13,14,16,17,19,20,21,22,24,25,26,28,29,30,33,34,35,37,38,39,40,42,44,45,47,49,50,51,52,53,54,55,56,57,58,59,60,61,62,63,64,65
7,1,2,3,4,5,6,8,9,10,11,12,13,14,16,17,18,19,20,21,22,24,25,28,29,30,32,33,34,35,37,38,39,40,42,44,45,47,49,50,51,52,53,54,55,56,57,58,59,60,61,62,63,64,65
8,1,2,3,4,5,6,8,9,10,12,13,14,16,17,18,19,20,21,22,24,25,26,28,29,30,32,33,34,35,37,39,40,42,44,45,47,49,50,51,52,53,54,55,56,57,58,59,60,61,62,63,64,65
9,1,2,3,4,5,6,8,9,10,12,13,14,16,18,19,20,21,22,24,25,28,29,30,32,34,35,37,38,39,40,42,44,45,46,47,49,50,51,53,54,55,56,57,58,59,60,61,62,63,64,65
10,1,2,3,4,5,6,8,9,10,12,13,14,16,19,20,21,22,24,25,28,29,30,32,34,35,37,38,39,40,42,44,45,46,47,49,50,51,52,53,54,55,56,57,58,59,60,61,62,63,64,65
11,1,2,3,4,5,6,8,9,10,12,13,14,16,17,19,20,21,22,24,25,28,29,30,32,34,35,37,38,39,40,42,44,45,46,47,49,50,51,53,54,55,56,57,58,59,60,61,62,63,64,65
12,1,2,3,4,5,6,8,9,10,12,13,14,16,18,19,20,21,22,24,25,28,29,30,32,33,34,35,37,39,40,42,44,45,46,47,49,50,51,53,54,55,56,57,58,59,60,61,62,63,64,65
13,1,2,3,4,5,6,8,9,10,12,13,14,16,17,19,20,21,22,24,25,28,29,30,32,33,34,35,37,39,40,42,44,45,46,47,49,50,51,53,54,55,56,57,58,59,60,61,62,63,64,65
14,1,2,3,4,5,6,8,9,10,12,13,14,16,17,18,19,20,21,22,24,28,29,30,32,33,34,35,37,39,40,42,44,45,46,47,49,50,51,53,54,55,56,57,58,59,60,61,62,63,64,65
15,1,2,3,4,5,6,8,9,10,12,13,14,16,17,19,20,21,22,24,28,29,30,32,33,34,35,37,39,40,42,44,45,46,47,49,50,51,52,53,54,55,56,57,58,59,60,61,62,63,64,65
