# Pareto front points: solution index, citizen satisfaction, alignment
1,51522.0,18.69059
2,51668.0,18.66925
3,52841.0,18.668029999999998
4,53124.0,18.65633
5,53224.0,18.6461
6,53574.0,18.61915
7,53995.0,18.60745
8,54172.0,18.60199
9,54593.0,18.58757
10,55056.99999999999,18.564799999999995
11,55203.0,18.54346
12,55490.0,18.52615
13,55562.0,18.4879
14,55580.0,18.46961
15,55581.0,18.45816
16,55624.0,18.45245
17,55632.99999999998,18.45229999999999
18,55977.0,18.44812
19,56289.0,18.44577
20,56686.0,18.41951
21,56722.0,18.407120000000003
22,56866.0,18.39256
23,57102.0,18.375400000000003
24,57209.0,18.278930000000003
25,57547.0,18.25198
26,57748.0,18.196420000000003
27,57884.0,18.12257
28,57970.0,18.061300000000003
29,58012.0,18.0613
30,58133.99999999998,18.0074
31,58277.0,17.93355
32,58439.0,17.862050000000004
33,58543.0,17.823650000000004
34,58570.0,17.76945
35,58753.0,17.7425
36,58903.0,17.644050000000004
37,59038.999999999956,17.570200000000003
38,59205.0,17.397560000000002
39,59239.0,17.24242
40,59301.0,17.23549
41,59379.0,17.19831
42,59389.0,17.143970000000003
43,59466.0,17.07837
44,59501.0,17.008490000000002
45,59571.0,16.83502
46,59596.0,16.62407
47,59631.0,16.554190000000002
48,59646.99999999997,16.450179999999996
49,59660.00000000003,16.37298000000001
50,59679.0,16.276510000000002
51,59756.0,16.243620000000004
52,59769.0,15.408440000000002
53,59772.0,15.060780000000003
# Nash solution index
26
# Kalai-Smordinsky solution index
27
# Szymkiewicz–Simpson coefficients
# Nash vs citizen satisfaction
0.9180327868852459
# Kalai-Smordinsky vs citizen satisfaction
0.9508196721311475
# solution index , list of selected proposals
1,1,2,4,6,10,12,13,14,15,16,18,19,21,22,24,29,31,32,33,35,36,37,38,39,40,42,45,46,47,48,51,52,53,54,55,56,58,59,60,61,62,63,64,66,68,70,71,73,75,76,78,79,88,89,93,94,97,98,99,100,101,102,103
2,1,2,4,6,10,12,13,14,15,16,18,19,21,22,24,29,31,32,33,35,36,37,38,39,40,41,42,45,46,47,48,51,52,53,54,55,56,58,59,60,61,62,64,66,68,70,71,73,75,76,79,88,89,93,94,98,99,100,101,102,103
3,1,2,4,6,10,12,13,14,15,16,18,19,21,22,24,29,30,31,32,33,35,36,37,38,39,40,42,44,45,46,47,48,51,52,53,54,55,56,58,59,60,61,62,64,66,68,70,71,73,75,76,78,79,88,89,93,94,98,99,100,101,102,103
4,1,2,4,6,8,10,12,13,14,15,16,18,19,21,22,24,29,31,32,33,35,36,37,38,39,40,42,44,45,47,48,51,52,53,54,55,56,58,59,60,61,62,64,66,68,70,71,73,75,76,78,79,88,89,93,94,98,99,100,101,102,103
5,1,2,4,6,8,10,12,13,14,15,16,17,18,19,21,22,24,29,31,32,33,35,36,37,38,39,40,42,45,46,47,48,51,52,53,54,55,56,58,59,60,61,62,63,64,66,68,70,71,73,75,76,78,79,88,89,93,94,98,99,100,101,102,103
6,1,2,4,6,8,10,12,13,14,15,16,18,19,21,22,24,29,30,31,32,33,35,36,37,38,39,40,42,44,45,46,47,48,51,52,53,54,55,56,58,59,60,61,63,64,66,68,70,71,73,75,76,78,79,88,89,93,94,98,99,100,101,102,103
7,1,2,4,6,8,10,12,13,14,15,16,18,19,21,22,24,29,31,32,33,35,36,37,38,39,40,42,45,46,47,48,51,52,53,54,55,56,58,59,60,61,62,63,64,66,68,70,71,73,75,76,78,79,80,88,89,93,94,98,99,100,101,102,103
8,1,2,4,6,8,10,12,13,14,15,16,18,19,21,22,24,29,31,32,33,35,36,37,38,39,40,42,44,45,46,47,48,51,52,53,54,55,56,58,59,60,61,62,63,64,66,68,70,71,73,75,76,79,88,89,93,94,98,99,100,101,102,103
9,1,2,4,6,8,10,12,13,14,15,16,18,19,21,22,24,29,31,32,33,36,37,38,39,40,41,42,45,46,47,48,51,52,53,54,55,56,58,59,60,61,62,63,64,66,68,70,71,73,75,76,78,79,88,89,93,94,98,99,100,101,102,103
10,1,2,4,6,8,10,12,13,14,15,16,18,19,21,22,24,29,31,32,33,36,37,38,39,40,42,44,45,46,47,48,51,52,53,54,55,56,58,59,60,61,62,63,64,66,68,70,71,73,75,76,78,79,88,89,93,94,97,98,99,100,101,102,103
11,1,2,4,6,8,10,12,13,14,15,16,18,19,21,22,24,29,31,32,33,36,37,38,39,40,41,42,44,45,46,47,48,51,52,53,54,55,56,58,59,60,61,62,64,66,68,70,71,73,75,76,79,88,89,93,94,98,99,100,101,102,103
12,1,2,4,6,8,10,12,13,14,15,16,18,19,21,22,24,29,31,32,33,36,37,38,39,40,42,44,45,46,47,48,51,52,53,54,55,56,58,59,60,61,62,64,66,68,70,71,73,75,76,78,79,80,88,89,93,94,97,98,99,100,101,102,103
13,1,2,4,6,8,10,12,13,14,15,16,18,19,21,22,24,29,31,32,33,36,37,38,39,40,42,44,45,46,47,48,51,52,53,54,55,56,58,59,60,61,62,64,66,68,69,70,71,73,75,76,78,79,82,88,89,93,94,98,99,100,101,102,103
14,1,2,4,6,10,12,13,14,15,16,18,19,21,22,24,29,31,32,33,36,37,38,39,40,41,42,44,45,46,47,48,51,52,53,54,55,56,58,59,60,61,62,63,64,66,68,69,70,71,73,75,76,79,80,88,89,93,94,98,99,100,101,102,103
15,1,2,4,6,8,10,12,13,14,15,16,17,18,19,21,22,24,29,31,32,33,36,37,38,39,40,42,44,45,46,47,48,51,52,53,54,55,56,59,60,61,62,63,64,66,68,70,71,73,75,76,78,79,82,88,89,93,94,98,99,100,101,102,103
16,1,2,4,6,8,10,12,13,14,15,16,18,19,21,22,24,29,31,32,33,36,37,38,39,40,41,42,44,45,46,47,48,51,52,53,54,55,56,59,60,61,62,63,64,66,68,69,70,71,73,75,76,79,89,93,94,98,99,100,101,102,103
17,1,2,4,6,8,10,12,13,14,15,16,18,19,21,22,24,29,31,32,33,36,37,38,39,40,42,44,45,46,47,48,51,52,53,54,55,56,59,60,61,62,63,64,66,68,70,71,73,75,76,78,79,80,88,89,93,94,97,98,99,100,101,102,103
18,1,2,4,6,8,10,12,13,14,15,16,18,19,21,22,24,29,30,31,32,33,36,37,38,39,40,41,42,44,45,46,47,48,51,52,53,54,55,56,59,60,61,62,64,66,68,70,71,73,75,76,79,80,88,89,93,94,98,99,100,101,102,103
19,1,2,4,6,8,10,12,13,14,15,16,18,19,21,22,24,29,31,32,33,36,37,38,39,40,42,44,45,46,47,48,51,52,53,54,55,56,58,59,60,61,62,63,64,66,68,70,71,73,75,76,78,79,88,89,93,94,95,98,99,100,101,102,103
20,1,2,4,6,8,10,12,13,14,15,16,17,18,19,21,22,24,29,30,31,32,33,36,37,38,39,40,42,44,45,46,47,48,51,52,53,54,55,56,58,59,60,61,62,63,64,66,68,69,70,71,73,75,76,78,79,80,88,89,93,94,98,99,100,101,102,103
21,1,2,4,6,8,10,12,13,14,15,16,18,19,21,22,24,29,31,32,33,36,37,38,39,40,42,44,45,46,47,48,51,52,53,54,55,56,58,59,60,61,62,64,66,68,70,71,73,75,76,78,79,80,88,89,93,94,95,98,99,100,101,102,103
22,1,2,4,6,8,10,12,13,14,15,16,18,19,21,22,24,29,30,31,32,33,36,37,38,39,40,41,42,44,45,46,47,48,52,53,54,55,56,58,59,60,61,62,63,64,66,68,70,71,73,75,76,78,79,80,88,89,93,94,98,99,100,101,102,103
23,1,2,4,6,8,10,12,13,14,15,16,18,19,21,22,24,29,31,32,33,36,37,38,39,40,41,42,44,45,46,47,48,52,53,54,55,56,58,59,60,61,62,63,64,66,68,69,70,71,73,75,76,78,79,80,88,89,93,94,98,99,100,101,102,103
24,1,2,4,6,8,10,12,13,14,15,16,17,18,19,21,22,24,29,31,32,33,36,37,38,39,40,42,44,45,46,47,48,51,52,53,54,55,56,58,59,60,61,62,63,64,66,68,69,70,71,73,75,76,79,80,88,89,93,94,95,98,99,100,101,102,103
25,1,2,4,6,8,10,12,13,14,15,16,18,19,21,22,24,29,30,31,32,33,36,38,39,40,42,44,45,46,47,48,51,52,53,54,55,56,58,59,60,61,62,63,64,66,68,69,70,71,73,75,76,78,79,80,88,89,93,94,95,98,99,100,101,102,103
26,1,2,4,6,8,10,12,13,14,15,16,18,19,21,22,24,29,31,32,33,36,37,38,39,40,42,44,45,46,47,48,52,53,54,55,56,58,59,60,61,62,63,64,66,68,69,70,71,73,75,76,78,79,80,82,88,89,93,94,95,98,99,100,101,102,103
27,1,2,4,6,8,10,12,13,14,15,16,17,18,19,21,22,24,29,30,31,32,33,36,37,38,39,40,42,44,45,46,47,48,52,53,54,55,56,58,59,60,61,62,63,64,66,68,69,70,71,73,75,76,78,79,80,87,88,89,93,94,95,98,99,100,101,102,103
28,1,2,4,6,8,10,12,13,14,15,16,17,18,19,21,22,24,29,31,32,33,36,37,38,39,40,42,44,45,46,47,48,51,52,53,54,55,56,58,59,60,62,63,64,66,68,69,70,71,73,75,76,78,79,80,88,89,93,94,95,98,99,100,101,102,103
29,1,2,4,6,8,10,12,13,14,15,16,17,18,19,21,22,24,29,30,31,32,33,36,37,38,39,40,42,44,45,46,47,48,51,52,53,54,55,56,58,59,60,62,63,64,66,68,69,70,71,73,75,76,78,79,80,89,93,94,95,98,99,100,101,102,103
30,1,2,4,6,8,10,12,13,14,15,16,18,19,21,22,24,29,30,31,32,33,36,37,38,39,40,41,42,44,45,46,47,48,52,53,54,55,56,58,59,60,62,64,66,68,69,70,71,73,75,76,78,79,80,88,89,93,94,95,98,99,100,101,102,103
31,1,2,4,6,8,10,12,13,14,15,16,18,19,21,22,24,29,30,31,32,33,36,37,38,39,40,41,42,44,45,46,47,48,52,53,54,55,56,59,60,62,63,64,66,68,69,70,71,73,75,76,78,79,80,88,89,93,94,95,98,99,100,101,102,103
32,1,2,4,6,8,10,12,13,14,15,16,17,18,19,21,22,24,29,31,32,33,36,38,39,40,41,42,44,45,46,47,48,52,53,54,55,56,58,59,60,62,63,64,66,68,69,70,71,73,75,76,78,79,80,88,89,93,94,95,98,99,100,101,102,103
33,1,2,4,6,8,10,12,13,14,15,16,18,19,21,22,24,29,30,31,32,33,36,37,38,39,40,42,44,45,46,47,48,52,53,54,55,56,58,59,60,62,63,64,66,68,69,70,71,73,75,76,78,79,80,82,87,88,89,93,94,95,98,99,100,101,102,103
34,1,2,6,8,10,12,13,14,15,16,17,18,19,21,22,24,29,30,31,32,33,36,37,38,39,40,42,44,45,46,47,48,51,52,53,54,55,56,58,59,60,62,63,64,66,68,69,70,71,73,75,76,78,79,80,87,88,89,93,94,95,98,99,100,101,102,103
35,1,2,6,8,10,12,13,14,15,16,17,18,19,21,22,24,29,30,31,32,33,36,37,38,39,40,41,42,44,45,46,47,48,52,53,54,55,56,58,59,60,62,63,64,66,68,69,70,71,73,75,76,78,79,80,88,89,93,94,95,98,99,100,101,102,103
36,1,2,6,8,10,12,13,14,15,16,18,19,21,22,24,29,31,32,33,36,38,39,40,41,42,44,45,46,47,48,52,53,54,55,56,58,59,60,62,63,64,66,68,69,70,71,73,75,76,78,79,80,82,88,89,93,94,95,98,99,100,101,102,103
37,1,2,6,8,10,12,13,14,15,16,17,18,19,21,22,24,29,30,31,32,33,36,38,39,40,41,42,44,45,46,47,48,52,53,54,55,56,58,59,60,62,63,64,66,68,69,70,71,73,75,76,78,79,80,87,88,89,93,94,95,98,99,100,101,102,103
38,1,2,6,8,10,12,13,14,15,16,17,18,19,21,22,24,29,31,32,33,36,37,38,39,40,42,44,45,46,47,48,52,53,54,55,56,58,59,60,62,63,64,66,67,68,69,70,71,73,75,76,78,79,80,88,89,93,94,95,98,99,100,101,102,103
39,1,2,6,8,10,12,13,14,15,16,17,18,19,21,22,24,29,30,31,32,33,36,37,38,39,40,42,44,45,46,47,48,52,53,54,55,56,58,59,60,62,63,64,66,67,68,69,70,71,73,75,76,79,80,87,88,89,93,94,95,98,99,100,101,102,103
40,1,2,6,8,10,12,13,14,15,16,17,18,19,21,22,24,29,30,31,32,33,36,37,38,39,40,42,44,45,46,47,48,52,53,54,55,56,58,59,60,62,63,64,66,67,68,69,70,71,73,75,76,78,80,88,89,93,94,95,98,99,100,101,102,103
41,1,2,6,8,10,12,13,14,15,16,18,19,21,22,24,29,30,31,32,33,36,38,39,40,42,44,45,46,47,48,52,53,54,55,56,58,59,60,62,63,64,66,67,68,69,70,71,73,75,76,78,79,80,87,88,89,93,94,95,98,99,100,101,102,103
42,1,2,6,8,10,12,13,14,15,16,18,19,21,22,24,29,31,32,33,36,38,39,40,42,44,45,46,47,48,52,53,54,55,56,58,59,60,62,63,64,66,67,68,69,70,71,73,75,76,79,80,82,87,88,89,93,94,95,98,99,100,101,102,103
43,1,2,6,8,10,12,13,14,15,16,18,19,21,22,24,29,30,31,32,33,34,36,38,39,40,42,44,45,46,47,48,52,53,54,55,56,58,59,60,62,63,64,66,67,68,69,70,71,73,75,76,79,80,88,89,93,94,95,98,99,100,101,102,103
44,1,2,6,8,10,12,13,14,15,16,18,19,21,22,24,29,30,31,32,33,37,38,39,40,42,44,45,46,47,48,52,53,54,55,56,58,59,60,62,63,64,66,67,68,69,70,71,73,75,76,78,79,80,87,88,89,93,94,95,98,99,100,101,102,103
45,1,2,6,8,10,12,13,14,15,16,18,19,21,22,24,29,30,31,32,33,36,38,39,40,42,44,45,46,47,48,52,53,54,55,56,58,59,60,62,63,64,66,67,68,69,70,71,73,75,76,78,79,80,82,88,89,93,94,95,98,100,101,102,103
46,1,2,6,8,10,12,13,14,15,16,17,18,19,21,22,24,29,30,31,32,33,34,36,38,39,40,42,44,45,46,47,48,52,53,54,55,56,58,59,60,62,63,64,66,67,68,69,70,71,73,75,76,79,80,88,89,93,94,95,98,100,101,102,103
47,1,2,6,8,10,12,13,14,15,16,17,18,19,21,22,24,29,30,31,32,33,37,38,39,40,42,44,45,46,47,48,52,53,54,55,56,58,59,60,62,63,64,66,67,68,69,70,71,73,75,76,78,79,80,87,88,89,93,94,95,98,100,101,102,103
48,1,2,6,8,10,12,13,14,15,16,18,19,21,22,24,29,30,31,32,33,36,38,39,40,42,44,45,46,47,52,53,54,55,56,58,59,60,62,63,64,66,67,68,69,70,71,73,75,76,78,79,80,82,87,88,89,93,94,95,98,100,101,102,103
49,1,2,6,8,10,12,13,14,15,16,18,19,21,22,24,29,31,32,33,34,38,39,40,42,44,45,46,47,48,52,53,54,55,56,58,59,60,62,63,64,66,67,68,69,70,71,73,75,76,78,79,80,88,89,93,94,95,98,100,101,102,103
50,1,2,6,8,10,12,13,14,15,16,18,19,21,22,24,29,31,32,33,38,39,40,42,44,45,46,47,48,52,53,54,55,56,58,59,60,62,63,64,66,67,68,69,70,71,73,75,76,78,80,82,87,88,89,93,94,95,98,100,101,102,103
51,1,2,6,8,10,12,13,14,15,16,18,19,21,22,24,29,30,31,32,33,34,36,38,39,40,42,44,45,46,47,48,52,53,54,55,56,58,59,60,62,63,64,66,67,68,69,70,71,73,76,79,80,87,88,89,93,94,95,98,100,101,102,103
52,1,2,6,8,10,12,13,14,15,16,18,19,21,22,24,29,30,31,32,33,34,38,39,40,42,44,45,46,47,52,53,54,55,56,58,59,60,62,63,64,66,67,68,69,70,71,73,76,80,82,87,88,89,93,94,95,98,100,101,102,103
53,1,2,6,8,10,12,13,14,15,16,17,18,19,21,22,24,29,30,31,32,33,34,38,39,40,42,44,45,46,47,52,53,54,55,56,58,59,60,62,63,64,66,67,68,69,70,71,73,76,80,82,87,88,89,93,94,95,98,100,102,103
