# Pareto front points: solution index, citizen satisfaction, alignment
1,7638.0,9.957689999999998
2,7722.0,9.816729999999998
3,7900.000000000002,9.724369999999999
4,8044.0,9.665459999999998
5,8135.0,9.638509999999998
6,8239.0,9.396229999999997
7,8267.0,9.021619999999997
8,8282.0,8.884079999999997
# Nash solution index
5
# Kalai-Smordinsky solution index
4
# Szymkiewicz–Simpson coefficients
# Nash vs citizen satisfaction
0.9333333333333333
# Kalai-Smordinsky vs citizen satisfaction
0.9
# solution index , list of selected proposals
1,1,2,3,6,7,8,9,10,11,12,13,17,20,21,22,23,24,25,26,27,28,29,30,31,32,33,34,35,36,37
2,1,2,3,6,7,8,9,10,11,12,13,16,17,20,21,23,24,25,26,27,28,29,30,31,32,33,34,35,36,40
3,2,3,6,7,8,9,10,11,12,13,16,17,20,21,22,23,24,25,26,27,28,29,30,31,32,33,34,35,36,37,40
4,1,2,3,6,7,8,9,10,11,12,13,16,17,20,21,22,23,24,25,26,27,28,29,30,31,32,33,35,36,37,39
5,1,2,3,6,7,8,9,10,11,12,13,15,16,17,20,21,22,23,24,25,26,27,28,29,30,31,32,33,35,36,37
6,1,2,3,6,7,8,9,11,12,13,15,16,17,20,21,22,23,24,25,26,27,28,29,30,31,32,33,35,36,37,39,40
7,1,2,3,6,7,8,9,10,11,12,13,15,16,20,21,22,23,24,25,26,27,28,29,30,31,32,33,35,37,39,40
8,2,3,4,6,7,8,9,11,12,13,15,16,20,21,22,23,24,25,26,27,28,29,30,31,32,33,35,36,37,40
