# Pareto front points: solution index, citizen satisfaction, alignment
1,22326.0,22.96650000000001
2,22355.0,22.95608000000001
3,23206.0,22.953970000000012
4,23563.0,22.94761000000001
5,23725.0,22.92928000000001
6,24459.0,22.92612000000001
7,24500.00000000015,22.88517000000002
8,24595.0,22.875000000000014
9,24946.0,22.870610000000013
10,25245.0,22.82453000000001
11,25387.0,22.814800000000012
12,25575.0,22.790840000000014
13,25698.0,22.757590000000008
14,25821.00000000001,22.73064000000001
15,25858.0,22.703770000000013
16,26089.0,22.69785000000001
17,26157.0,22.65769000000001
18,26234.0,22.642500000000013
19,26288.999999999993,22.640530000000005
20,26487.0,22.62400000000001
21,26530.0,22.55689000000001
22,26668.0,22.545570000000012
23,26674.0,22.518620000000013
24,26693.0,22.508390000000013
25,26711.0,22.48583000000001
26,26723.0,22.474700000000013
27,26778.0,22.472730000000013
28,26910.0,22.43408000000001
29,26953.0,22.36697000000001
30,26954.000000000266,22.34002000000001
31,26994.0,22.317400000000013
32,27051.0,22.30570000000001
33,27192.0,22.29637000000001
34,27334.0,22.276340000000012
35,27373.0,22.209230000000012
36,27578.0,22.19944000000001
37,27632.0,22.17249000000001
38,27651.0,22.16226000000001
39,27654.0,22.075120000000013
40,27658.0,22.04671000000001
41,27697.0,22.01538000000001
42,27774.0,22.000190000000014
43,27829.0,21.998220000000014
44,27961.0,21.959570000000014
45,28020.0,21.773980000000012
46,28024.0,21.67318000000001
47,28025.0,21.646230000000013
48,28038.0,21.586800000000014
49,28039.000000000015,21.55985000000002
50,28041.0,21.486510000000013
51,28054.0,21.468320000000013
52,28065.000000000004,21.454800000000002
53,28066.0,21.427850000000014
54,28097.999999999996,21.374260000000014
55,28101.999999999975,21.349420000000013
56,28119.0,21.077450000000013
57,28136.0,21.04376000000001
58,28174.999999999996,20.976650000000006
59,28180.0,20.94970000000001
60,28197.0,20.677730000000015
# Nash solution index
44
# Kalai-Smordinsky solution index
34
# Szymkiewicz–Simpson coefficients
# Nash vs citizen satisfaction
0.9393939393939394
# Kalai-Smordinsky vs citizen satisfaction
0.9076923076923077
# solution index , list of selected proposals
1,1,4,5,6,8,10,11,13,14,15,17,18,19,20,21,22,24,25,26,27,29,31,32,35,37,39,40,42,50,51,52,53,54,55,56,58,60,64,70,71,72,73,75,76,77,78,80,81,82,83,84,85,86,87,88,89,90,92,95,96,97,100
2,1,4,5,6,8,10,11,13,14,15,17,18,19,20,21,22,24,25,26,27,29,31,32,35,37,39,40,50,51,52,53,54,55,56,60,61,64,70,71,72,73,75,76,77,78,80,81,82,83,84,85,86,87,88,89,90,92,95,96,97,100
3,1,4,5,6,8,10,11,13,14,15,17,18,19,20,21,22,24,25,26,27,28,29,31,32,35,37,39,40,41,42,50,51,52,53,54,55,56,60,64,68,70,71,72,73,75,76,77,78,80,81,82,83,84,85,86,87,88,89,90,92,95,96,97
4,1,4,5,6,8,10,11,13,14,15,17,18,19,20,21,22,24,25,26,27,28,29,31,32,35,37,39,40,42,48,50,51,52,53,54,55,56,58,60,61,64,70,71,72,73,75,76,77,78,80,81,82,83,84,85,86,87,88,89,90,92,95,96,97
5,1,4,5,6,8,10,11,13,14,15,17,18,19,20,21,22,24,25,26,27,29,31,32,35,37,39,40,42,47,50,51,52,53,54,55,56,58,60,61,64,70,71,72,73,75,76,77,78,80,81,82,83,84,85,86,87,88,89,90,92,95,96,97
6,1,4,5,6,8,10,11,13,14,15,17,18,19,20,21,22,24,25,26,27,28,29,31,32,35,37,39,40,41,42,50,51,52,53,54,55,56,58,59,60,61,64,70,71,72,73,75,76,77,78,80,81,82,83,84,85,86,87,88,89,90,92,95,96,97
7,1,4,5,6,8,10,11,13,14,15,17,18,19,20,21,22,24,25,26,27,28,29,31,32,35,37,39,40,42,47,50,51,52,53,54,55,56,60,61,64,68,70,71,72,73,75,76,77,78,80,81,83,84,85,86,87,88,89,90,92,95,96,97
8,1,4,5,6,8,10,11,13,14,15,17,18,19,20,21,22,24,25,26,27,28,29,31,32,35,37,39,40,41,42,43,47,50,51,52,53,54,55,56,59,60,64,70,71,72,73,75,76,77,78,80,81,82,83,84,85,86,87,88,89,90,92,95,96,97
9,1,4,5,6,8,10,11,13,14,15,17,18,19,20,21,22,24,25,26,27,28,29,31,32,35,37,39,40,41,42,47,50,51,52,53,54,55,56,58,59,60,61,64,70,71,73,75,76,77,78,80,81,82,83,84,85,86,87,88,89,90,92,95,96,97
10,1,4,5,6,8,10,11,13,14,15,17,18,19,20,21,22,24,25,26,27,28,29,31,32,37,39,40,41,42,47,48,50,51,52,53,54,55,56,58,59,60,61,64,70,71,72,73,75,76,77,78,80,81,83,84,85,86,87,88,89,90,92,95,96,97
11,1,4,5,6,8,10,11,13,14,15,17,18,19,20,21,22,24,25,26,27,28,29,31,32,35,37,39,40,41,42,47,50,51,52,53,54,55,56,59,60,61,64,68,70,71,72,73,75,76,77,78,80,81,82,83,85,86,87,88,89,90,92,95,96,97
12,1,4,5,6,8,10,11,13,14,15,17,18,19,20,21,22,24,25,26,27,28,29,31,32,33,35,37,39,40,41,42,43,47,50,51,52,53,54,55,56,58,59,60,61,64,70,71,72,73,75,76,77,78,80,81,83,84,85,86,87,88,89,90,92,95,96,97
13,1,4,5,6,8,10,11,13,14,15,17,18,19,20,21,22,24,25,26,27,28,29,31,32,35,37,39,40,41,42,47,48,50,51,52,53,54,55,56,58,59,60,61,64,68,70,71,72,73,75,76,77,78,80,81,83,85,86,87,88,89,90,92,95,96,97
14,1,4,5,6,8,10,11,13,14,15,17,18,19,20,21,22,24,25,26,27,28,29,31,32,33,35,37,39,40,41,42,47,48,50,51,52,53,54,55,56,58,59,60,61,64,68,70,71,72,73,75,76,77,78,80,81,83,85,86,87,88,89,90,92,95,96,97
15,1,2,4,5,6,8,10,11,13,14,15,17,18,19,20,21,22,24,25,26,27,28,29,31,32,35,37,39,40,41,42,47,50,51,52,53,54,55,56,58,59,60,61,64,70,71,73,75,76,77,78,80,81,82,83,85,86,87,88,89,90,92,95,96,97
16,1,4,5,6,8,10,11,13,14,15,17,18,19,20,21,22,24,25,26,27,28,29,31,32,33,35,37,39,40,41,42,43,44,47,48,50,51,52,53,54,55,56,59,60,61,64,68,70,71,72,73,75,76,77,78,80,81,83,85,86,87,88,89,90,92,95,96,97
17,1,2,4,5,6,8,10,11,13,14,15,17,18,19,20,21,22,24,25,26,27,28,29,31,32,37,39,40,41,42,47,48,50,51,52,53,54,55,56,58,59,60,61,64,70,71,72,73,75,76,77,78,80,81,83,85,86,87,88,89,90,92,95,96,97
18,1,2,4,5,6,8,10,11,13,14,15,17,18,19,20,21,22,24,25,26,27,28,29,31,32,35,37,39,40,41,42,47,50,51,52,53,54,55,56,59,60,61,64,68,70,71,73,75,76,77,78,80,81,83,85,86,87,88,89,90,92,95,96,97
19,1,2,4,5,6,8,10,11,13,14,15,17,18,19,20,21,22,24,25,26,27,28,29,31,32,35,37,39,40,41,42,47,48,50,51,52,53,54,55,56,59,60,61,64,70,71,72,73,75,76,77,78,80,81,83,85,86,87,88,89,90,92,95,96,97
20,1,2,4,5,6,8,10,11,13,14,15,17,18,19,20,21,22,24,25,26,27,28,29,31,32,33,35,37,39,40,41,42,43,47,50,51,52,53,54,55,56,58,59,60,61,64,70,71,72,73,75,76,77,78,80,81,83,85,86,87,88,89,90,92,95,96,97
21,1,2,4,5,6,8,9,10,11,13,14,15,17,18,19,20,21,22,24,25,26,27,28,29,31,32,33,35,37,39,40,41,42,43,47,50,51,52,53,54,55,56,59,60,61,64,70,71,72,73,75,76,77,78,80,81,83,85,86,87,88,89,90,92,95,96,97
22,1,2,4,5,6,8,10,11,13,14,15,17,18,19,20,21,22,24,25,26,27,28,29,31,32,33,35,37,39,40,41,42,47,50,52,53,54,55,56,59,60,61,64,68,70,71,72,73,75,76,77,78,80,81,83,85,86,87,88,89,90,92,95,96,97
23,1,2,4,5,6,8,10,11,13,14,15,17,18,19,20,21,22,24,25,27,28,29,31,32,35,37,39,40,41,42,43,44,47,50,52,53,54,55,56,59,60,61,64,68,70,71,72,73,75,76,77,78,80,81,83,85,86,87,88,89,90,92,95,96,97
24,1,2,4,5,6,8,10,11,13,14,15,17,18,19,20,21,22,24,25,26,27,28,29,31,32,35,37,39,40,41,42,43,44,47,48,50,52,53,54,55,56,59,60,61,64,68,70,71,73,75,76,77,78,80,81,83,85,86,87,88,89,90,92,95,96,97
25,1,2,4,5,6,8,10,11,13,14,15,17,18,19,20,21,22,24,25,26,27,28,29,31,32,33,37,39,40,41,42,43,44,47,50,52,53,54,55,56,59,60,61,64,68,70,71,72,73,75,76,77,78,80,81,83,85,86,87,88,89,90,92,95,96,97
26,1,2,4,5,6,8,10,11,13,14,15,17,18,19,20,21,22,24,25,26,27,28,29,31,32,33,35,37,39,40,41,42,43,44,47,50,52,53,54,55,56,58,59,60,61,64,68,70,71,73,75,76,77,78,80,81,83,85,86,87,88,89,90,92,95,96,97
27,1,2,4,5,6,8,10,11,13,14,15,17,18,19,20,21,22,24,25,26,27,28,29,31,32,33,35,37,39,40,41,42,43,44,47,48,50,52,53,54,55,56,58,59,60,61,64,70,71,72,73,75,76,77,78,80,81,83,85,86,87,88,89,90,92,95,96,97
28,1,2,4,5,6,8,10,11,13,14,15,17,18,19,20,21,22,24,25,26,27,28,29,31,32,33,35,37,39,40,41,42,43,47,50,52,53,54,55,56,58,59,60,61,64,66,70,71,72,73,75,76,77,78,80,81,83,85,86,87,88,89,90,92,95,96,97
29,1,2,4,5,6,8,9,10,11,13,14,15,17,18,19,20,21,22,24,25,26,27,28,29,31,32,33,35,37,39,40,41,42,43,47,50,52,53,54,55,56,59,60,61,64,66,70,71,72,73,75,76,77,78,80,81,83,85,86,87,88,89,90,92,95,96,97
30,1,2,4,5,6,8,10,11,13,14,15,17,18,19,20,21,22,24,25,26,27,28,29,31,32,33,35,37,39,40,41,42,43,47,50,52,53,54,55,56,59,60,61,64,66,70,71,72,73,75,76,77,78,80,81,83,85,86,87,88,89,90,91,92,95,96,97
31,1,2,4,5,6,8,10,11,13,14,15,17,18,19,20,21,22,24,25,27,28,31,32,33,35,37,39,40,41,42,43,44,47,48,50,52,53,54,55,56,59,60,61,64,68,70,71,72,73,75,76,77,78,80,81,83,85,86,87,88,89,90,92,95,96,97
32,1,2,4,5,6,8,10,11,13,14,15,17,18,19,20,21,22,24,25,26,27,28,31,32,33,35,37,39,40,41,42,47,50,52,53,54,55,56,59,60,61,64,66,68,70,71,72,73,75,76,77,78,80,81,83,85,86,87,88,89,90,92,95,96,97
33,1,2,4,5,6,8,10,11,13,14,15,17,18,19,20,21,22,24,25,26,27,28,29,31,32,33,35,37,39,40,41,42,47,50,51,52,53,54,55,56,59,60,61,62,64,70,71,73,75,76,77,78,80,81,83,85,86,87,88,89,90,92,95,96,97
34,1,2,4,5,6,8,10,11,13,14,15,17,18,19,20,21,22,24,25,26,27,28,29,31,32,35,37,39,40,41,42,47,50,52,53,54,55,56,58,59,60,61,62,64,70,71,72,73,75,76,77,78,80,81,83,85,86,87,88,89,90,92,95,96,97
35,1,2,4,5,6,8,10,11,12,13,14,15,17,18,19,20,21,22,24,25,26,27,28,29,31,32,35,37,39,40,41,42,47,50,52,53,54,55,56,59,60,61,62,64,70,71,72,73,75,76,77,78,80,81,83,85,86,87,88,89,90,92,95,96,97
36,1,2,4,5,6,8,10,11,13,14,15,17,18,19,20,21,22,24,25,26,27,28,29,31,32,33,35,37,39,40,41,42,43,47,50,52,53,54,55,56,59,60,61,62,64,70,71,72,73,75,76,77,78,80,81,83,85,86,87,88,89,90,92,95,96,97
37,1,2,4,5,6,8,10,11,13,14,15,17,18,19,20,21,22,24,25,27,28,29,31,32,33,35,37,39,40,41,42,43,44,47,50,52,53,54,55,56,59,60,61,62,64,70,71,72,73,75,76,77,78,80,81,83,85,86,87,88,89,90,92,95,96,97
38,1,2,4,5,6,8,10,11,13,14,15,17,18,19,20,21,22,24,25,26,27,28,29,31,32,33,35,37,39,40,41,42,43,44,47,48,50,52,53,54,55,56,59,60,61,62,64,70,71,73,75,76,77,78,80,81,83,85,86,87,88,89,90,92,95,96,97
39,1,2,4,5,6,8,10,11,13,14,15,17,18,19,20,21,22,24,25,26,27,28,31,32,33,35,37,39,40,41,42,47,48,50,52,53,54,55,56,58,59,60,61,62,64,70,71,72,73,75,76,77,78,80,81,83,85,86,87,88,89,90,92,95,96,97
40,1,2,4,5,6,8,10,11,13,14,15,17,18,19,20,21,22,24,25,26,27,28,29,31,32,33,37,39,40,41,42,43,44,47,50,52,53,54,55,56,59,60,61,62,64,66,70,71,73,75,76,77,78,80,81,83,85,86,87,88,89,90,92,95,96,97
41,1,2,4,5,6,8,10,11,13,14,15,17,18,19,20,21,22,24,25,26,27,28,31,32,33,37,39,40,41,42,43,44,47,48,50,52,53,54,55,56,58,59,60,61,62,64,70,71,72,73,75,76,77,78,80,81,83,85,86,87,88,89,90,92,95,96,97
42,1,2,4,5,6,8,10,11,13,14,15,17,18,19,20,21,22,24,25,26,27,28,31,32,33,35,37,39,40,41,42,43,44,47,50,52,53,54,55,56,59,60,61,62,64,68,70,71,73,75,76,77,78,80,81,83,85,86,87,88,89,90,92,95,96,97
43,1,2,4,5,6,8,10,11,13,14,15,17,18,19,20,21,22,24,25,26,27,28,31,32,33,35,37,39,40,41,42,43,44,47,48,50,52,53,54,55,56,59,60,61,62,64,70,71,72,73,75,76,77,78,80,81,83,85,86,87,88,89,90,92,95,96,97
44,1,2,4,5,6,8,10,11,13,14,15,17,18,19,20,21,22,24,25,26,27,28,31,32,33,35,37,39,40,41,42,43,47,50,52,53,54,55,56,59,60,61,62,64,66,70,71,72,73,75,76,77,78,80,81,83,85,86,87,88,89,90,92,95,96,97
45,1,2,5,6,8,10,11,13,14,15,17,18,19,20,21,22,24,25,26,27,28,31,32,33,35,37,39,40,41,42,43,47,48,50,52,53,54,55,56,59,60,61,62,64,66,70,71,72,73,75,76,77,78,80,81,83,85,86,87,88,89,90,92,95,96,97
46,1,2,5,6,8,9,10,11,13,14,15,17,18,19,20,21,22,24,25,26,27,28,31,32,33,35,37,39,40,41,42,43,44,47,50,52,53,54,55,56,59,60,61,62,64,66,70,71,72,73,75,76,77,78,80,81,83,85,86,87,88,89,90,92,95,96,97
47,1,2,5,6,8,10,11,13,14,15,17,18,19,20,21,22,24,25,26,27,28,31,32,33,35,37,39,40,41,42,43,44,47,50,52,53,54,55,56,59,60,61,62,64,66,70,71,72,73,75,76,77,78,80,81,83,85,86,87,88,89,90,91,92,95,96,97
48,1,2,4,5,6,8,9,10,11,13,14,15,17,18,19,20,21,22,24,25,26,27,28,31,32,33,35,37,39,40,41,42,43,44,47,50,52,53,54,55,56,59,60,61,62,64,66,70,71,72,73,75,76,78,80,81,83,85,86,87,88,89,90,92,95,96,97
49,1,2,4,5,6,8,10,11,13,14,15,17,18,19,20,21,22,24,25,26,27,28,31,32,33,35,37,39,40,41,42,43,44,47,48,50,52,53,54,55,56,59,60,61,62,64,66,70,71,72,73,75,76,78,80,81,83,85,86,87,88,89,90,91,92,95,96,97
50,1,2,5,6,8,10,11,13,14,15,17,18,19,20,21,22,24,25,27,28,31,32,33,35,37,39,40,41,42,43,44,47,50,52,53,54,55,56,59,60,61,62,64,66,70,71,73,75,76,77,78,80,81,83,85,86,87,88,89,90,92,93,95,96,97
51,1,2,5,6,8,10,11,13,14,15,17,18,19,20,21,22,24,25,26,27,28,31,32,33,35,37,39,40,41,42,43,44,47,48,50,52,53,54,55,56,58,59,60,61,62,64,66,70,71,72,73,75,76,78,80,81,83,85,86,87,88,89,90,92,95,96,97
52,1,2,5,6,8,9,10,11,13,14,15,17,18,19,20,21,22,24,25,26,27,28,31,32,33,35,39,40,41,42,43,44,45,47,48,50,52,53,54,55,56,58,59,60,61,62,64,66,70,71,72,73,75,76,77,78,80,81,83,85,86,87,88,89,90,91,92,95,96,97
53,1,2,5,6,8,10,11,13,14,15,17,18,19,20,21,22,24,25,26,27,28,31,32,33,35,39,40,41,42,43,44,47,48,50,52,53,54,55,56,59,60,61,62,64,66,70,71,72,73,75,76,77,78,80,81,83,85,86,87,88,89,90,91,92,95,96,97
54,1,2,5,6,8,10,11,12,13,14,15,17,18,19,20,21,22,24,25,26,27,28,31,32,33,35,37,39,40,41,42,43,44,47,48,50,52,53,54,55,56,59,60,61,62,64,66,70,71,72,73,75,76,78,80,81,83,85,86,87,88,89,90,91,92,95,96,97
55,1,2,5,6,8,10,11,13,14,15,17,18,19,20,21,22,24,25,26,27,28,31,32,33,35,39,40,41,42,43,47,50,52,53,54,55,56,59,60,61,62,64,66,70,71,72,73,75,76,77,78,80,81,83,85,86,87,88,89,90,92,93,95,96,97
56,1,2,6,8,10,11,13,14,15,17,18,19,20,21,22,24,25,26,27,28,31,32,33,35,39,40,41,42,43,47,48,50,52,53,54,55,56,59,60,61,62,64,66,70,71,72,73,75,76,77,78,80,81,83,85,86,87,88,89,90,92,93,95,96,97
57,1,2,5,6,8,10,11,13,14,15,17,18,19,20,21,22,24,25,26,27,28,31,32,33,35,39,40,41,42,43,44,47,50,52,53,54,55,56,58,59,60,61,62,64,66,70,71,72,73,75,76,78,80,81,83,85,86,87,88,89,90,92,93,95,96,97
58,1,2,5,6,8,10,11,12,13,14,15,17,18,19,20,21,22,24,25,26,27,28,31,32,33,35,39,40,41,42,43,44,47,50,52,53,54,55,56,59,60,61,62,64,66,70,71,72,73,75,76,78,80,81,83,85,86,87,88,89,90,92,93,95,96,97
59,1,2,5,6,8,10,11,13,14,15,17,18,19,20,21,22,24,25,26,27,28,31,32,33,35,39,40,41,42,43,44,47,50,52,53,54,55,56,59,60,61,62,64,66,70,71,72,73,75,76,78,80,81,83,85,86,87,88,89,90,91,92,93,95,96,97
60,1,2,6,8,10,11,13,14,15,17,18,19,20,21,22,24,25,26,27,28,31,32,33,35,39,40,41,42,43,44,47,48,50,52,53,54,55,56,59,60,61,62,64,66,70,71,72,73,75,76,78,80,81,83,85,86,87,88,89,90,91,92,93,95,96,97
