# Pareto front points: solution index, citizen satisfaction, alignment
1,17896.0,11.202050000000002
2,18503.0,11.195690000000003
3,19726.0,11.18514
4,19994.0,11.16911
5,20146.0,11.151950000000001
6,20660.0,11.05375
7,20704.0,10.52513
8,20814.0,10.44823
# Nash solution index
6
# Kalai-Smordinsky solution index
6
# Szymkiewicz–Simpson coefficients
# Nash vs citizen satisfaction
0.9705882352941176
# Kalai-Smordinsky vs citizen satisfaction
0.9705882352941176
# solution index , list of selected proposals
1,2,3,4,5,7,10,13,14,15,16,17,19,24,25,26,27,28,29,30,31,33,34,36,38,40,41,42,43,44,46,47,48
2,2,3,4,5,7,10,11,12,13,14,15,16,17,18,24,25,26,27,28,29,30,31,33,34,36,38,40,41,42,43,44,46,47,48
3,2,3,4,7,10,11,13,14,15,16,17,18,19,24,25,26,27,28,29,30,31,33,34,35,36,38,40,41,42,43,44,46,47,48
4,2,3,4,5,7,10,12,13,14,15,16,17,18,19,24,25,26,27,28,29,30,31,33,34,35,38,40,41,42,43,44,46,47,48
5,2,3,4,5,7,10,11,12,13,14,16,17,18,19,24,25,26,27,28,29,30,31,33,34,35,38,40,41,42,43,44,46,47,48
6,2,3,4,7,10,11,12,13,14,15,16,17,18,19,23,24,25,26,27,28,29,30,31,33,34,35,38,40,41,42,43,44,46,47,48
7,2,3,4,7,10,11,12,13,15,16,17,18,19,23,24,25,26,27,28,29,30,31,34,35,38,40,41,42,43,44,46,47,48,49
8,2,3,4,10,11,12,13,14,15,16,17,18,19,23,24,25,26,27,28,29,30,31,34,35,38,40,41,42,43,44,46,47,48,49
