# Pareto front points: solution index, citizen satisfaction, alignment
1,54607.0,22.658190000000005
2,55331.0,22.578880000000005
3,55632.0,22.557390000000005
4,55940.0,22.546090000000007
5,56287.0,22.545690000000004
6,57098.0,22.521340000000002
7,58037.0,22.504180000000005
8,58338.0,22.482690000000005
9,59198.0,22.443160000000006
10,59548.0,22.426000000000005
11,59929.0,22.327550000000006
12,60198.000000000015,22.22788000000001
13,60225.0,22.210720000000006
14,60291.0,22.138780000000004
15,60382.0,22.127080000000007
16,60509.0,22.121620000000007
17,60635.0,22.059970000000007
18,60911.0,22.034090000000006
19,61333.0,21.940660000000005
20,61473.0,21.816460000000006
21,61493.0,21.73904000000001
22,61608.999999999985,21.649310000000003
23,61800.0,21.635500000000004
24,61898.0,21.571510000000007
25,62012.0,21.358970000000003
26,62153.0,21.299540000000004
27,62168.0,21.215270000000007
28,62460.0,21.196000000000005
29,62566.0,21.007810000000003
30,62613.0,20.795270000000002
31,62701.0,20.762860000000003
32,62708.0,20.685890000000004
33,62717.0,20.594430000000003
34,62731.0,20.590930000000004
35,62748.0,20.55032
36,62751.0,20.532780000000002
37,62789.0,20.50964
38,62892.0,20.473350000000007
39,63044.0,20.395550000000007
40,63221.0,20.165850000000006
41,63265.0,19.768240000000006
42,63266.0,19.759660000000004
43,63339.0,19.650280000000006
44,63399.0,19.537780000000005
45,63534.0,19.292830000000006
46,63573.0,19.263970000000004
47,63622.0,18.798350000000006
48,63671.0,18.576020000000003
49,63756.0,18.006860000000007
# Nash solution index
19
# Kalai-Smordinsky solution index
20
# Szymkiewicz–Simpson coefficients
# Nash vs citizen satisfaction
0.9384615384615385
# Kalai-Smordinsky vs citizen satisfaction
0.9384615384615385
# solution index , list of selected proposals
1,1,4,5,6,7,8,9,10,11,13,14,15,18,19,22,24,28,29,30,32,34,35,36,42,43,44,45,47,48,51,53,54,57,59,61,64,65,67,68,69,70,72,73,74,75,77,78,79,80,81,82,83,86,89,90,91,93,94,95,96,97,98,99,100,103,105,107
2,1,4,5,6,7,8,9,10,11,13,14,15,18,19,22,24,28,29,30,32,34,35,36,42,43,45,47,48,51,53,54,57,59,61,64,65,67,68,69,70,72,73,74,75,76,77,78,79,80,81,82,83,86,89,90,91,93,94,95,96,97,98,99,100,103,105,107
3,1,4,5,6,7,8,9,10,11,13,14,15,18,19,22,24,28,29,30,32,34,35,36,37,42,43,45,47,48,51,53,54,57,59,61,64,65,67,68,69,70,72,73,74,75,77,78,79,80,81,82,83,86,89,90,91,93,94,95,96,97,98,99,100,103,104,105,107
4,1,4,5,6,7,8,9,10,11,13,14,15,18,19,22,24,28,29,30,32,34,35,36,42,43,44,45,47,48,51,53,54,57,59,61,64,65,67,68,69,70,72,73,74,75,76,77,78,79,80,81,82,83,86,89,90,91,93,94,95,96,97,98,99,100,103,104,107
5,1,4,5,6,7,8,9,10,11,13,14,15,18,19,22,24,28,29,30,32,34,35,36,37,42,43,44,45,47,48,51,53,54,57,59,61,64,65,67,68,69,70,72,73,74,75,76,77,78,79,80,81,82,83,86,89,90,91,93,94,95,96,97,99,100,103,105,107
6,1,4,5,6,7,8,9,10,11,13,14,15,18,19,22,24,28,29,30,32,34,35,36,40,42,43,44,45,47,48,51,53,57,59,60,61,64,65,67,68,69,70,72,73,74,75,76,77,78,79,80,81,82,83,86,89,90,91,93,94,95,96,97,98,99,100,103,105,107
7,1,4,5,6,7,8,9,10,11,13,14,15,18,19,20,22,24,28,29,30,32,34,35,36,42,43,44,45,47,48,51,53,57,59,60,61,64,65,67,68,69,70,72,73,74,75,76,77,78,79,80,81,82,83,86,89,90,91,93,94,95,96,97,98,99,100,103,105,107
8,1,4,5,6,7,8,9,10,11,13,14,15,18,19,20,22,24,28,29,30,32,34,35,36,37,42,43,44,45,47,48,51,53,57,59,60,61,64,65,67,68,69,70,72,73,74,75,77,78,79,80,81,82,83,86,89,90,91,93,94,95,96,97,98,99,100,103,104,105,107
9,1,3,4,5,6,7,8,9,10,11,13,14,15,18,19,22,24,28,29,30,32,34,35,36,37,42,43,44,45,47,48,50,51,53,57,59,61,64,65,67,68,69,70,72,73,74,75,76,77,78,79,80,81,82,83,86,89,90,91,93,94,95,96,97,98,99,100,103,104,105,107
10,1,4,5,6,7,8,9,10,11,13,14,15,18,19,20,22,24,28,29,30,32,34,35,36,37,42,43,44,45,47,48,50,51,53,57,59,61,64,65,67,68,69,70,72,73,74,75,76,77,78,79,80,81,82,83,86,89,90,91,93,94,95,96,97,98,99,100,103,104,105,107
11,1,3,4,5,6,7,8,9,10,11,13,14,15,18,19,20,22,24,28,29,32,34,35,36,37,42,43,44,45,47,48,51,53,57,59,61,64,65,67,68,69,70,72,73,74,75,76,77,78,79,80,81,82,83,86,89,90,91,93,94,95,96,97,98,99,100,103,104,105,107
12,1,3,4,5,6,7,8,9,10,11,13,14,15,18,19,20,22,24,28,29,30,32,34,35,36,37,42,44,45,47,48,51,53,57,59,60,61,64,65,67,68,69,70,72,73,74,75,76,77,78,79,80,81,82,83,86,89,90,91,93,94,95,96,97,98,99,100,103,104,105,107
13,1,3,4,5,6,7,8,9,10,11,13,14,15,18,19,20,22,24,28,29,30,32,35,36,37,42,43,44,45,47,48,51,53,57,59,60,61,64,65,67,68,69,70,72,73,74,75,76,77,78,79,80,81,82,83,86,89,90,91,93,94,95,96,97,98,99,100,103,105,107
14,1,3,4,5,6,7,8,9,10,11,13,14,15,18,19,20,22,24,28,29,30,32,35,36,37,40,42,43,45,47,48,50,51,53,57,59,61,64,65,67,68,69,70,72,73,74,75,76,77,78,79,80,81,82,83,86,89,90,91,93,94,95,96,97,98,99,100,103,104,105,107
15,1,3,4,5,6,7,8,9,10,11,13,14,15,18,19,20,22,24,28,29,30,32,35,36,37,42,43,44,45,47,48,50,51,53,57,59,61,64,65,67,68,69,70,72,73,74,75,76,77,78,79,80,81,82,83,86,89,90,91,93,94,95,96,97,98,99,100,103,104,105,107
16,1,3,4,5,6,7,8,9,10,11,13,14,15,18,19,20,22,24,28,29,30,32,34,35,36,37,42,43,44,45,47,48,50,53,57,59,61,64,65,67,68,69,70,72,73,74,75,76,77,78,79,80,81,82,83,86,89,90,91,93,94,95,96,97,98,99,100,103,104,105,107
17,1,3,4,5,6,7,8,9,10,11,13,14,15,18,19,20,22,24,28,29,30,32,35,36,37,42,43,44,45,47,48,51,53,57,58,59,61,64,65,67,68,69,70,72,73,74,75,76,77,78,79,80,81,82,83,86,89,90,91,93,94,95,96,97,98,99,100,103,104,107
18,1,3,4,5,6,7,8,9,10,11,13,14,15,18,19,20,22,24,28,29,32,35,36,37,42,43,44,45,47,48,50,51,53,57,58,59,61,64,65,67,68,69,70,72,73,74,75,76,77,78,79,80,81,82,83,86,89,90,91,93,94,95,96,97,98,99,100,103,104,105,107
19,1,3,4,5,6,7,8,9,10,11,13,14,15,18,19,20,22,24,28,29,30,32,35,36,37,40,42,43,44,45,47,48,50,53,57,59,60,61,64,65,67,68,69,70,72,73,74,75,76,77,78,79,80,81,82,83,86,89,90,91,93,94,95,96,97,98,99,100,103,104,105,107
20,1,3,4,5,6,7,8,9,10,11,13,14,15,18,19,20,22,24,28,29,30,32,35,36,37,42,43,44,45,47,48,50,51,53,57,58,59,61,64,65,67,68,69,70,72,73,74,75,76,77,78,79,80,82,83,86,89,90,91,93,94,95,96,97,98,99,100,103,104,105,107
21,1,3,4,5,6,7,8,9,10,11,13,14,15,18,19,20,22,24,28,29,30,32,35,37,40,42,44,45,47,48,50,51,53,57,58,59,60,61,64,65,67,68,69,70,72,73,74,75,76,77,78,79,80,81,82,83,86,89,90,91,93,94,95,96,97,98,99,100,103,104,105,107
22,1,3,4,5,6,7,9,10,11,13,14,15,18,19,20,22,24,28,29,30,32,35,36,37,40,42,43,44,45,47,48,53,57,58,59,60,61,64,65,67,68,69,70,72,73,74,75,76,77,78,79,80,81,82,83,86,89,90,91,93,94,95,96,97,98,99,100,103,104,105,107
23,1,3,4,5,6,7,8,9,10,11,13,14,15,18,19,20,22,24,28,29,30,32,35,36,37,40,42,44,45,47,48,50,51,53,57,58,59,60,61,64,65,67,68,69,70,72,73,74,75,76,77,78,79,80,82,83,86,89,90,91,93,94,95,96,97,98,99,100,103,104,105,107
24,1,3,4,5,6,7,8,9,10,11,13,14,15,18,19,20,22,24,28,29,30,32,35,36,37,40,42,43,44,45,47,48,50,53,57,58,59,60,61,64,65,67,68,69,70,72,73,74,75,76,77,78,79,80,81,82,83,86,89,91,93,94,95,96,97,98,99,100,103,104,105,107
25,1,3,4,5,6,7,8,9,10,11,13,14,15,18,19,20,22,24,28,29,30,32,35,37,40,42,43,44,45,47,48,50,53,57,58,59,60,61,64,65,68,69,70,72,73,74,75,76,77,78,79,80,81,82,83,86,89,90,91,93,94,95,96,97,98,99,100,103,104,105,107
26,1,3,4,5,6,7,8,9,10,11,13,14,15,18,19,20,22,24,28,29,30,32,35,37,42,44,45,47,48,50,53,57,58,59,60,61,64,65,67,68,69,70,72,73,74,75,76,77,78,79,80,81,82,83,86,89,90,91,93,94,95,96,97,98,99,100,101,103,104,105,107
27,1,3,4,5,6,7,9,10,11,13,14,15,18,19,20,22,24,28,29,30,32,35,36,37,39,42,43,44,45,47,48,50,53,57,58,59,60,61,64,65,67,68,69,70,72,73,74,75,76,77,78,79,80,82,83,86,89,90,91,93,94,95,96,97,98,99,100,103,104,105,107
28,1,3,4,5,6,7,8,9,10,11,13,14,15,18,19,20,22,24,28,29,30,32,35,36,37,42,44,45,47,48,50,53,57,58,59,60,61,64,65,67,68,69,70,72,73,74,75,76,77,78,79,80,82,83,86,89,90,91,93,94,95,96,97,98,99,100,101,103,104,105,107
29,1,3,4,5,6,7,8,9,10,11,13,14,15,17,18,19,20,22,24,28,29,30,32,35,36,37,42,43,44,45,47,48,50,53,57,58,59,60,61,64,65,67,68,69,70,72,73,74,75,76,77,78,79,80,82,83,86,89,91,93,94,95,96,97,98,99,100,103,104,105,107
30,1,3,4,5,6,7,8,9,10,11,13,14,15,17,18,19,20,22,24,28,29,30,32,35,37,40,42,43,44,45,47,48,53,57,58,59,60,61,64,65,67,68,69,70,72,73,74,75,76,77,78,79,80,82,83,86,89,91,93,94,95,96,97,98,99,100,103,104,105,107
31,1,3,4,5,6,7,8,9,10,11,13,14,15,18,19,20,22,24,28,29,30,32,35,36,37,42,43,44,45,47,48,50,53,57,58,59,60,61,64,65,68,69,70,72,73,74,75,76,77,78,79,80,82,83,86,89,91,93,94,95,96,97,98,99,100,101,103,104,105,107
32,1,3,4,5,6,7,9,10,11,13,14,15,17,18,19,20,22,24,28,29,30,32,35,36,37,42,44,45,47,48,50,53,57,58,59,61,64,65,67,68,69,70,72,73,74,75,76,77,78,79,80,82,83,86,89,90,91,93,94,95,96,97,98,99,100,101,103,104,105,107
33,1,3,4,5,6,7,8,9,10,11,13,14,15,18,19,20,22,24,28,29,30,32,35,37,40,42,43,44,45,48,50,53,57,58,59,60,61,64,65,67,68,69,70,72,73,74,75,76,77,78,79,80,82,83,86,89,91,93,94,95,96,97,98,99,100,101,103,104,105,107
34,1,3,4,5,6,7,8,9,10,11,13,14,15,17,18,19,20,22,24,28,29,30,32,35,36,37,42,44,45,47,48,50,53,57,58,59,61,64,65,67,68,69,70,72,73,74,75,76,77,78,79,80,82,83,86,89,91,93,94,95,96,97,98,99,100,101,103,104,105,107
35,1,3,4,5,6,7,8,9,10,11,13,14,15,18,19,20,22,24,28,29,30,32,35,37,40,42,43,44,45,47,48,53,57,58,59,60,61,64,65,68,69,70,72,73,74,75,76,77,78,79,80,82,83,86,89,91,93,94,95,96,97,98,99,100,101,103,104,105,107
36,1,3,4,5,6,7,9,10,11,13,14,15,17,18,19,20,22,24,28,29,30,32,35,37,40,42,43,44,45,47,48,50,53,57,58,59,60,61,64,65,68,69,70,72,73,74,75,76,77,78,79,80,82,83,86,89,90,91,93,94,95,96,97,98,99,100,103,104,105,107
37,1,3,4,5,6,7,8,9,10,11,13,14,15,17,18,19,20,22,24,28,29,32,35,36,37,40,42,44,45,47,48,50,53,57,58,59,61,64,65,67,68,69,70,72,73,74,75,76,77,78,79,80,82,83,86,89,91,93,94,95,96,97,98,99,100,101,103,104,105,107
38,1,3,4,5,6,7,9,10,11,13,14,15,17,18,19,20,22,24,28,29,30,32,35,37,42,44,45,47,48,50,53,57,58,59,60,61,64,65,67,68,69,70,72,73,74,75,76,77,78,79,80,82,83,86,89,90,91,93,94,95,96,97,98,99,100,101,103,104,105,107
39,1,3,4,5,6,7,8,9,10,11,13,14,15,17,18,19,20,22,24,28,29,30,32,35,37,40,42,44,45,47,48,50,53,57,58,59,61,64,65,67,68,69,70,72,73,74,75,76,77,78,79,80,82,83,86,89,91,93,94,95,96,97,98,99,100,101,103,104,105,107
40,1,3,4,5,6,7,8,9,10,11,13,14,15,17,18,19,20,22,24,28,29,30,32,35,37,40,42,44,45,48,50,53,57,58,59,60,61,64,65,67,68,69,70,72,73,74,75,76,77,78,79,80,82,83,86,89,91,93,94,95,96,97,98,99,100,101,103,104,105,107
41,1,3,4,5,6,7,9,10,11,13,14,15,17,18,19,20,22,24,28,29,30,32,37,39,40,42,44,45,47,48,50,53,57,58,59,60,61,64,65,67,68,69,70,72,73,74,75,76,77,78,79,80,82,83,86,89,91,93,94,95,96,97,98,99,100,101,103,104,105,107
42,1,3,4,5,6,7,8,9,10,11,13,14,15,17,18,19,20,22,24,28,29,30,32,37,40,42,43,44,45,48,50,53,57,58,59,60,61,64,65,68,69,70,72,73,74,75,76,77,78,79,80,82,83,86,89,91,93,94,95,96,97,98,99,100,101,103,104,105,107
43,1,3,4,5,6,7,9,10,11,13,14,15,18,19,20,22,24,28,29,30,32,35,37,38,42,44,45,48,50,53,57,58,59,61,64,65,67,68,69,70,72,73,74,75,76,77,78,79,80,82,83,86,89,91,93,94,95,96,97,98,99,100,101,103,104,105,107
44,1,3,4,5,6,7,9,10,11,13,14,15,17,18,19,20,22,24,28,29,30,32,37,38,40,42,44,45,47,48,50,53,57,58,59,61,64,65,67,68,69,70,72,73,74,75,76,77,78,79,80,82,83,86,89,91,93,94,95,96,97,98,99,100,103,104,105,107
45,1,3,4,5,6,7,9,10,11,13,14,15,18,19,20,22,24,28,29,30,32,37,38,40,42,44,45,47,48,50,53,57,58,59,61,64,65,68,69,70,72,73,74,75,76,77,78,79,80,82,83,86,89,91,93,94,95,96,97,98,99,100,101,103,104,105,107
46,1,3,4,5,6,7,9,10,11,13,14,15,17,18,19,20,22,24,28,29,30,32,35,37,38,42,44,45,48,50,53,57,58,59,60,61,64,65,68,69,70,72,73,74,75,76,77,78,79,80,82,83,86,89,91,93,94,95,96,97,98,99,100,103,104,105,107
47,1,3,4,5,6,7,9,10,11,13,14,15,17,18,19,20,22,24,28,29,30,32,37,38,42,44,45,48,53,57,58,59,61,64,65,68,69,70,72,73,74,75,76,77,78,79,80,82,83,86,89,91,93,94,95,96,97,98,99,100,101,103,104,105,107
48,1,3,4,5,6,7,9,10,11,13,14,15,17,18,19,20,22,24,28,29,30,32,37,38,40,42,44,45,48,50,53,57,58,59,61,64,65,68,69,70,72,73,74,75,76,77,78,79,80,82,83,86,89,91,93,94,95,96,97,98,99,100,101,103,104,105
49,1,3,4,5,6,7,9,10,11,13,14,15,17,18,19,20,22,24,28,29,30,32,37,38,42,44,45,48,50,53,57,58,59,60,61,64,65,68,69,70,72,73,74,75,76,77,78,79,80,82,83,89,91,93,94,95,96,97,98,99,101,103,104,105,107
