# Pareto front points: solution index, citizen satisfaction, alignment
1,420247.0,24.54171000000001
2,452337.0,24.485900000000008
3,457483.0,24.446880000000007
4,462947.99999999814,24.421910000000018
5,473661.0,24.41021000000001
6,480803.0,24.323160000000012
7,483986.99999999965,24.315629999999985
8,499684.0,24.290520000000008
9,505742.0,24.229250000000008
10,508237.0,24.22063000000001
11,508598.0,24.19258000000001
12,509378.0,24.16982000000001
13,514464.0,24.15927000000001
14,516151.0,24.14674000000001
15,521401.0,24.111290000000007
16,522132.0,24.10468000000001
17,522203.0,24.09574000000001
18,522745.0,24.05847000000001
19,527459.0,24.05002000000001
20,529954.0,24.04140000000001
21,533138.0,24.033870000000007
22,533346.0,23.948000000000008
23,535542.0,23.94763000000001
24,542052.0,23.93593000000001
25,544462.0,23.87924000000001
26,545264.0,23.86369000000001
27,546880.0,23.86010000000001
28,550520.0,23.81797000000001
29,553015.0,23.809350000000013
30,553343.0,23.70883000000001
31,554827.0,23.684460000000012
32,558011.0,23.676930000000013
33,558726.0,23.63558000000001
34,559723.0,23.61089000000001
35,562218.0,23.60227000000001
36,562392.0,23.50928000000001
37,563155.0,23.415510000000012
38,564204.0,23.38439000000001
39,564652.0,23.381670000000007
40,567388.0,23.376860000000008
41,568103.0,23.33551000000001
42,568401.0,23.33005000000001
43,569792.0,23.29062000000001
44,569963.0,23.277230000000014
45,570667.0,23.233120000000014
46,571257.0,23.207280000000015
47,571495.0,23.171850000000013
48,572913.0,23.068310000000015
49,573314.0,22.952700000000014
50,574128.0,22.93112000000001
51,574204.0,22.857360000000014
52,575627.0,22.854640000000014
53,576064.0,22.799080000000014
54,576185.0000000008,22.67654000000004
55,576564.0,22.66788000000001
56,576892.0,22.592000000000013
57,578498.0,22.578480000000013
58,578686.0,22.32252000000001
59,579392.0,22.235770000000013
60,580362.0,22.07552000000001
61,580665.0000000007,21.959610000000108
62,580698.0,21.905270000000012
63,581335.0,21.846720000000015
64,581616.0,21.623630000000013
65,581649.0,21.56929000000001
66,582131.0,21.49124000000001
67,582319.0,21.466650000000012
68,582877.0,21.45884000000001
69,583047.0,21.09478000000001
70,583527.0,21.01036000000001
71,583816.0,20.950420000000012
72,583961.0,20.78289000000001
73,584155.0,20.29706000000001
74,584386.0,20.070850000000007
# Nash solution index
43
# Kalai-Smordinsky solution index
35
# Szymkiewicz–Simpson coefficients
# Nash vs citizen satisfaction
0.9444444444444444
# Kalai-Smordinsky vs citizen satisfaction
0.9166666666666666
# solution index , list of selected proposals
1,1,2,3,4,5,6,8,9,10,11,12,13,15,17,19,20,24,25,26,27,28,29,30,32,33,36,38,42,44,45,46,47,48,50,51,52,53,55,56,57,58,59,61,62,64,65,66,67,68,69,71,73,74,76,77,78,79,81,83,84,85,86,88,89,90,91,92,94,95,96,98,99,100,101,102,104,105,106
2,1,2,3,4,5,6,8,9,10,11,12,13,15,17,19,20,24,25,26,27,28,29,30,31,32,33,36,38,42,44,45,46,47,48,50,51,52,53,55,56,57,58,59,61,62,64,65,66,67,68,69,71,73,74,76,77,78,79,81,83,84,85,86,88,89,90,91,92,94,95,96,98,99,100,101,102,104,105
3,1,2,3,4,5,6,8,9,10,11,12,13,15,17,19,20,24,25,26,27,29,30,31,32,33,36,38,42,44,45,46,47,48,50,51,52,53,55,56,57,58,59,61,62,64,65,66,67,68,69,70,71,73,74,76,77,79,81,83,84,85,86,88,89,90,91,92,94,95,96,98,99,100,101,102,104,105
4,1,2,3,4,5,6,8,9,10,11,12,13,15,17,19,20,24,25,26,27,28,29,30,31,32,33,36,41,42,44,45,46,47,48,50,51,52,53,55,56,57,58,59,61,62,64,65,66,67,68,69,70,71,73,74,76,77,79,81,83,84,85,86,88,89,90,91,92,94,95,96,98,99,100,101,102,104,105
5,1,2,3,4,5,6,8,9,10,11,12,13,15,17,19,20,24,26,27,28,29,30,31,32,33,36,38,42,44,45,46,47,48,50,51,52,53,55,56,57,58,59,61,62,64,65,66,67,68,69,70,71,73,74,76,77,79,81,83,84,85,86,88,89,90,91,92,94,95,96,98,99,100,101,102,104,105
6,1,2,3,4,5,6,8,9,10,11,12,13,15,17,19,20,24,26,27,28,29,30,31,32,33,34,36,38,42,44,45,46,47,48,50,51,52,55,56,57,58,59,61,62,64,65,66,67,69,70,71,73,74,76,77,79,81,83,84,85,86,88,89,90,91,92,94,95,96,98,99,100,101,102,104,105
7,1,2,3,4,5,6,8,9,10,11,12,13,15,17,20,24,25,26,27,28,29,30,31,32,33,34,36,38,42,44,45,46,47,48,50,51,52,55,56,57,58,59,61,62,64,65,66,67,68,69,70,71,73,74,76,77,79,81,83,84,85,86,88,89,90,91,92,94,95,96,98,99,100,101,102,104,105
8,1,2,3,4,5,6,8,9,10,11,12,13,15,17,19,20,24,25,26,27,28,29,30,31,32,33,35,36,38,42,44,45,46,47,48,50,51,52,53,55,56,57,58,59,61,62,64,65,66,67,68,69,71,73,74,76,77,79,81,83,84,85,86,88,89,90,91,92,94,95,96,98,99,100,101,102,104,105,106
9,1,2,3,4,5,6,8,9,10,11,12,13,15,17,19,20,24,25,26,27,28,29,30,31,32,33,34,35,36,38,42,44,45,46,47,48,50,51,52,53,55,56,57,58,59,61,62,64,65,66,67,68,69,71,73,74,76,77,79,81,83,84,85,86,88,89,90,91,92,94,95,96,98,99,100,101,102,104,105
10,1,2,3,4,5,6,8,9,10,11,12,13,15,17,19,20,24,25,26,27,28,29,30,31,32,33,34,35,36,38,42,44,45,46,47,48,50,51,52,53,55,56,57,58,59,61,62,64,65,66,67,69,71,73,74,76,77,79,81,83,84,85,86,88,89,90,91,92,94,95,96,98,99,100,101,102,104,105,106
11,1,2,3,4,5,6,8,9,10,11,12,13,15,17,19,20,24,26,27,28,29,30,31,32,33,35,36,38,42,44,45,46,47,48,50,51,52,53,55,56,57,58,59,61,62,64,65,66,67,68,69,71,73,74,76,77,79,81,83,84,85,86,87,88,89,90,91,92,94,95,96,98,99,100,101,102,104,105
12,1,2,3,4,5,6,8,9,10,11,12,13,15,17,19,20,26,27,28,29,30,31,32,33,34,35,36,38,42,44,45,46,47,48,50,51,52,53,55,56,57,58,59,61,62,64,65,66,67,68,69,71,73,74,76,77,78,79,81,83,84,85,86,88,89,90,91,92,94,95,96,98,99,100,101,102,104,105,106
13,1,2,3,4,5,6,8,9,10,11,12,13,15,17,20,24,26,27,28,29,30,31,32,33,34,35,36,38,41,42,44,45,46,47,48,50,51,52,53,55,56,57,58,59,61,62,64,65,66,67,68,69,71,73,74,76,77,79,81,83,84,85,86,88,89,90,91,92,94,95,96,98,99,100,101,102,104,105,106
14,1,2,3,4,5,6,8,9,10,11,12,13,15,17,19,20,25,26,27,28,29,30,31,32,33,34,35,36,38,41,42,44,45,46,47,48,50,51,52,53,55,56,57,58,59,61,62,64,65,66,67,68,69,71,73,74,76,77,79,81,83,84,85,86,88,89,90,91,92,94,95,96,98,99,100,101,102,104,105,106
15,1,2,3,4,5,6,8,9,10,11,12,13,15,17,19,20,26,27,28,29,30,31,32,33,35,36,38,42,44,45,46,47,48,50,51,52,53,55,56,57,58,59,61,62,64,65,66,67,68,69,70,71,73,74,76,77,79,81,83,84,85,86,88,89,90,91,92,94,95,96,98,99,100,101,102,104,105,106
16,1,2,3,4,5,6,8,9,10,11,12,13,15,17,19,20,24,26,27,28,29,30,31,32,33,34,35,36,38,42,44,45,46,47,48,50,51,52,53,55,56,57,58,59,61,62,64,65,66,67,68,69,70,71,73,74,76,77,79,83,84,85,86,88,89,90,91,92,94,95,96,98,99,100,101,102,104,105
17,1,2,3,4,5,6,8,9,10,11,12,13,15,17,19,20,25,26,27,28,29,30,31,32,33,35,36,38,41,42,44,45,46,47,48,50,51,52,53,55,56,57,58,59,61,62,64,65,66,67,69,70,71,73,74,76,77,79,81,83,84,85,86,88,89,90,91,92,94,95,96,98,99,100,101,102,104,105
18,1,2,3,4,5,6,7,8,9,10,11,12,13,15,17,20,24,25,26,27,28,29,30,31,32,33,35,36,38,42,44,45,46,47,48,50,51,52,53,55,56,57,58,59,61,62,64,65,66,67,68,69,71,73,74,76,77,79,81,83,84,85,86,88,89,90,91,92,94,95,96,98,99,100,101,102,104,105,106
19,1,2,3,4,5,6,8,9,10,11,12,13,15,17,19,20,26,27,28,29,30,31,32,33,34,35,36,38,42,44,45,46,47,48,50,51,52,53,55,56,57,58,59,61,62,64,65,66,67,68,69,70,71,73,74,76,77,79,81,83,84,85,86,88,89,90,91,92,94,95,96,98,99,100,101,102,104,105
20,1,2,3,4,5,6,8,9,10,11,12,13,15,17,19,20,26,27,28,29,30,31,32,33,34,35,36,38,42,44,45,46,47,48,50,51,52,53,55,56,57,58,59,61,62,64,65,66,67,69,70,71,73,74,76,77,79,81,83,84,85,86,88,89,90,91,92,94,95,96,98,99,100,101,102,104,105,106
21,1,2,3,4,5,6,8,9,10,11,12,13,15,17,20,25,26,27,28,29,30,31,32,33,34,35,36,38,42,44,45,46,47,48,50,51,52,53,55,56,57,58,59,61,62,64,65,66,67,68,69,70,71,73,74,76,77,79,81,83,84,85,86,88,89,90,91,92,94,95,96,98,99,100,101,102,104,105,106
22,1,2,3,4,5,6,7,8,9,10,11,12,13,15,17,19,20,25,26,27,28,29,30,31,32,33,35,36,38,42,44,45,46,47,48,50,51,52,53,55,56,57,58,59,61,62,64,65,66,67,68,69,71,73,74,76,77,79,81,83,84,85,86,87,88,89,90,91,92,94,95,96,98,99,100,101,102,104,105
23,1,3,4,5,6,8,9,10,11,12,13,15,17,20,26,27,28,29,30,31,32,33,34,35,36,38,41,42,44,45,46,47,48,50,51,52,53,55,56,57,58,59,61,62,64,65,66,67,68,69,70,71,73,74,76,77,79,81,83,84,85,86,88,89,90,91,92,94,95,96,98,99,100,101,102,104,105,106
24,1,2,3,4,5,6,8,9,10,11,12,13,15,17,20,26,27,28,29,30,31,32,33,34,35,36,38,42,44,45,46,47,48,50,51,52,53,55,56,57,58,59,61,62,64,65,66,67,68,69,70,71,73,74,76,77,79,81,83,84,85,86,87,88,89,90,91,92,94,95,96,98,99,100,101,102,104,105
25,1,2,3,4,5,6,7,8,9,10,11,12,13,15,17,20,26,27,28,29,30,31,32,33,35,36,38,42,44,45,46,47,48,50,51,52,53,55,56,57,58,59,61,62,64,65,66,67,68,69,70,71,73,74,76,77,79,81,83,84,85,86,88,89,90,91,92,94,95,96,98,99,100,101,102,104,105,106
26,1,2,3,4,5,6,7,8,9,10,11,12,13,15,17,20,25,26,27,28,29,30,31,32,33,35,36,38,41,42,44,45,46,47,48,50,51,52,53,55,56,57,58,59,61,62,64,65,66,67,69,70,71,73,74,76,77,79,81,83,84,85,86,88,89,90,91,92,94,95,96,98,99,100,101,102,104,105
27,1,2,3,4,5,6,7,8,9,10,11,12,13,15,17,19,20,25,26,27,28,29,30,31,32,33,34,35,36,38,42,44,45,46,47,48,50,51,52,53,55,56,57,58,59,61,62,64,65,66,67,68,69,70,71,73,74,76,77,79,83,84,85,86,88,89,90,91,92,94,95,96,98,99,100,101,102,104,105
28,1,2,3,4,5,6,7,8,9,10,11,12,13,15,17,20,25,26,27,28,29,30,31,32,33,34,35,36,38,42,44,45,46,47,48,50,51,52,53,55,56,57,58,59,61,62,64,65,66,67,68,69,70,71,73,74,76,77,79,81,83,84,85,86,88,89,90,91,92,94,95,96,98,99,100,101,102,104,105
29,1,2,3,4,5,6,7,8,9,10,11,12,13,15,17,20,26,27,28,29,30,31,32,33,34,35,36,38,42,44,45,46,47,48,50,51,52,53,55,56,57,58,59,61,62,64,65,66,67,69,70,71,73,74,76,77,79,81,83,84,85,86,88,89,90,91,92,94,95,96,98,99,100,101,102,104,105,106
30,1,2,3,4,5,6,7,8,9,10,11,12,13,15,17,20,25,26,27,28,29,30,31,32,33,34,35,36,38,42,44,45,46,47,48,50,51,52,53,55,56,57,58,59,60,61,62,64,65,66,67,68,69,70,71,73,74,76,77,79,83,84,85,86,88,89,90,91,92,94,95,96,98,99,100,101,102,104,105,106
31,1,2,3,4,5,6,7,9,10,11,12,13,15,17,19,20,26,27,28,29,30,31,32,33,34,35,36,38,42,44,45,46,47,48,50,51,52,53,55,56,57,58,59,61,62,64,65,66,67,69,70,71,73,74,76,77,79,81,83,84,85,86,87,88,89,90,91,92,94,95,96,98,99,100,101,102,104,105
32,1,2,3,4,5,6,7,9,10,11,12,13,15,17,20,25,26,27,28,29,30,31,32,33,34,35,36,38,42,44,45,46,47,48,50,51,52,53,55,56,57,58,59,61,62,64,65,66,67,68,69,70,71,73,74,76,77,79,81,83,84,85,86,87,88,89,90,91,92,94,95,96,98,99,100,101,102,104,105
33,1,2,3,4,5,6,7,8,9,10,11,12,13,15,17,20,26,27,28,29,30,31,32,33,34,35,36,38,42,44,45,46,47,48,50,51,52,53,55,56,57,58,59,61,62,64,65,66,67,69,70,71,73,76,77,79,81,83,84,85,86,87,88,89,90,91,92,94,95,96,98,99,100,101,102,104,105
34,1,2,3,4,5,6,7,8,9,10,11,12,13,15,17,20,26,27,28,29,30,31,32,33,34,35,36,38,42,44,45,46,47,48,50,51,52,53,55,56,57,58,59,61,62,64,65,66,67,68,69,70,71,73,74,76,77,79,83,84,85,86,87,88,89,90,91,92,94,95,96,98,99,100,101,102,104,105
35,1,2,3,4,5,6,7,8,9,10,11,12,13,15,17,20,26,27,28,29,30,31,32,33,34,35,36,38,42,44,45,46,47,48,50,51,52,53,55,56,57,58,59,61,62,64,65,66,67,69,70,71,73,74,76,77,79,83,84,85,86,87,88,89,90,91,92,94,95,96,98,99,100,101,102,104,105,106
36,1,2,3,4,5,6,7,8,9,10,11,12,13,15,17,20,21,26,27,28,29,30,31,32,33,34,35,36,38,42,44,45,46,47,48,50,51,52,53,55,56,57,58,59,61,62,64,65,66,67,69,70,71,73,74,76,77,79,83,84,85,86,88,89,90,91,92,94,95,96,98,99,100,101,102,104,105,106
37,1,2,3,4,5,6,7,9,10,11,12,13,15,17,20,26,27,28,29,30,31,32,33,34,35,36,37,38,42,44,45,46,47,48,50,51,52,53,55,56,57,58,59,61,62,64,65,66,67,68,69,70,71,73,74,76,77,79,83,84,85,86,87,88,89,90,91,92,94,95,96,98,99,100,101,102,104,105,106
38,1,2,3,4,5,6,7,9,10,11,12,13,15,17,19,20,21,26,27,28,29,30,31,32,33,34,35,36,38,42,44,45,46,47,48,50,51,52,53,55,56,57,58,59,61,62,64,65,66,67,69,70,71,73,74,76,77,79,83,84,85,86,87,88,89,90,91,92,94,95,96,98,99,100,101,102,104,105
39,1,2,3,4,5,6,7,9,10,11,12,13,15,16,17,20,22,26,27,28,29,30,31,32,33,34,35,36,38,42,44,45,46,47,48,50,51,52,53,55,56,57,58,59,61,62,64,65,66,67,69,70,71,73,74,76,77,79,83,84,85,86,87,88,89,90,91,92,94,95,96,98,99,100,101,102,104,105
40,1,2,3,4,5,6,7,9,10,11,12,13,15,17,20,21,25,26,27,28,29,30,31,32,33,34,35,36,38,42,44,45,46,47,48,50,51,52,53,55,56,57,58,59,61,62,64,65,66,67,68,69,70,71,73,74,76,77,79,83,84,85,86,87,88,89,90,91,92,94,95,96,98,99,100,101,102,104,105
41,1,2,3,4,5,6,7,8,9,10,11,12,13,15,17,20,21,26,27,28,29,30,31,32,33,34,35,36,38,42,44,45,46,47,48,50,51,52,53,55,56,57,58,59,61,62,64,65,66,67,69,70,71,73,76,77,79,83,84,85,86,87,88,89,90,91,92,94,95,96,98,99,100,101,102,104,105
42,1,2,3,4,5,6,7,8,9,10,11,12,13,15,17,20,21,26,27,28,29,30,31,32,33,34,35,36,38,42,44,45,46,47,48,51,52,53,55,56,57,58,59,61,62,64,65,66,67,69,70,71,73,74,76,77,79,83,84,85,86,87,88,89,90,91,92,94,95,96,98,99,100,101,102,104,105
43,1,3,4,5,6,7,9,10,11,12,13,15,17,20,21,26,27,28,29,30,31,32,33,34,35,36,38,41,42,44,45,46,47,48,50,51,52,53,55,56,57,58,59,61,62,64,65,66,67,68,69,70,71,73,74,76,77,79,83,84,85,86,87,88,89,90,91,92,94,95,96,98,99,100,101,102,104,105
44,1,2,3,5,6,7,8,9,10,11,12,13,15,17,20,21,26,27,28,29,30,31,32,33,34,35,36,38,42,44,45,46,47,48,50,51,52,53,55,56,57,58,59,61,62,64,65,66,67,69,70,71,73,74,76,77,79,83,84,85,86,87,88,89,90,91,92,94,95,96,98,99,100,101,102,104,105,106
45,1,2,3,4,5,6,7,9,10,11,12,13,15,17,20,21,26,27,28,29,30,31,32,33,34,35,36,38,42,44,45,46,47,48,50,51,52,53,55,56,57,58,59,60,61,62,64,65,66,67,69,70,71,73,74,76,77,79,83,84,85,86,87,88,89,90,91,92,94,95,96,98,99,100,101,102,104,105,106
46,1,2,3,4,5,6,7,8,9,10,11,12,13,17,20,21,26,27,28,29,30,31,32,33,34,35,36,38,42,44,45,46,47,48,50,51,52,53,55,56,57,58,59,61,62,64,65,66,67,68,69,70,71,73,74,76,77,79,83,84,85,86,87,88,89,90,91,92,94,95,96,98,99,100,101,102,104,105
47,1,2,3,4,5,6,7,9,10,11,12,13,15,17,20,21,26,27,28,29,30,31,32,33,34,35,36,37,38,42,44,45,46,47,48,50,51,52,53,55,56,57,58,59,61,62,64,65,66,67,69,70,71,73,74,76,77,79,83,84,85,86,87,88,89,90,91,92,94,95,96,98,99,100,101,102,104,105
48,1,3,4,5,6,7,8,9,10,11,12,13,17,20,21,26,27,28,29,30,31,32,33,34,35,36,38,41,42,44,45,46,47,48,50,51,52,53,55,56,57,58,59,61,62,64,65,66,67,69,70,71,73,74,76,77,79,83,84,85,86,87,88,89,90,91,92,94,95,96,98,99,100,101,102,104,105
49,1,3,4,5,6,7,8,9,10,11,12,13,17,20,21,26,27,28,29,30,31,32,33,34,35,36,37,38,42,44,45,46,47,48,50,51,52,55,56,57,58,59,61,62,64,65,66,67,69,70,71,73,74,76,77,79,83,84,85,86,87,88,89,90,91,92,94,95,96,98,99,100,101,102,104,105
50,1,2,3,4,5,6,7,9,10,11,12,13,16,17,20,21,26,27,28,29,30,31,32,33,34,35,36,38,42,44,45,46,47,48,50,51,52,53,55,56,57,58,59,61,62,64,65,66,67,68,69,70,71,73,74,76,77,79,83,84,85,86,87,88,89,90,91,92,94,95,96,98,99,100,101,102,104,105
51,1,3,4,5,6,7,8,9,10,11,12,13,16,17,20,21,26,27,28,29,30,31,32,33,34,35,36,38,42,44,45,46,47,48,50,51,52,53,55,56,57,58,59,61,62,64,65,66,67,69,70,71,73,76,77,79,83,84,85,86,87,88,89,90,91,92,94,95,96,98,99,100,101,102,104,105
52,1,3,5,6,7,8,9,10,11,12,13,17,20,21,22,26,27,28,29,30,31,32,33,34,35,36,38,42,44,45,46,47,48,50,51,52,53,55,56,57,58,59,61,62,64,65,66,67,69,70,71,73,74,76,77,79,83,84,85,86,87,88,89,90,91,92,94,95,96,98,99,100,101,102,104,105
53,1,3,5,6,7,8,9,10,11,12,13,16,17,20,21,26,27,28,29,30,31,32,33,34,35,36,38,42,44,45,46,47,48,50,51,52,53,55,56,57,58,59,61,62,64,65,66,67,69,70,71,73,74,76,77,79,83,84,85,86,87,88,89,90,91,92,94,95,96,98,99,100,101,102,104,105,106
54,1,3,4,5,6,7,9,10,11,12,13,16,17,20,21,26,27,28,29,30,31,32,33,34,35,36,37,38,42,44,45,46,47,48,50,51,52,55,56,57,58,59,61,62,64,65,66,67,69,70,71,73,74,76,77,79,83,84,85,86,87,88,89,90,91,92,94,95,96,98,99,100,101,102,104,105,106
55,1,3,5,6,7,9,10,11,12,13,17,20,21,22,26,27,28,29,30,31,32,33,34,35,36,37,38,42,44,45,46,47,48,50,51,52,53,55,56,57,58,59,61,62,64,65,66,67,68,69,70,71,73,74,76,77,79,83,84,85,86,87,88,89,90,91,92,94,95,96,98,99,100,101,102,104,105
56,1,2,3,5,6,7,9,10,11,12,13,16,17,20,21,26,27,28,29,30,31,32,33,34,35,36,37,38,42,44,45,46,47,48,50,51,52,53,55,56,57,58,59,61,62,64,65,66,67,69,70,71,73,74,76,77,79,83,84,85,86,87,88,89,90,91,92,94,95,96,98,99,100,101,102,104,105,106
57,1,3,5,6,7,9,10,11,12,13,16,17,20,21,22,26,27,28,29,30,31,32,33,34,35,36,38,42,44,45,46,47,48,50,51,52,53,55,56,57,58,59,61,62,64,65,66,67,69,70,71,73,74,76,77,79,83,84,85,86,87,88,89,90,91,92,94,95,96,98,99,100,101,102,104,105
58,1,2,3,5,6,7,9,10,11,12,13,16,17,20,21,22,26,27,28,29,30,31,32,33,34,35,36,38,42,44,45,46,47,48,50,51,52,53,55,56,57,58,59,61,62,64,65,66,67,69,70,71,73,74,76,77,79,83,84,85,86,87,88,89,90,91,92,94,95,96,98,99,100,101,102,104
59,1,3,5,6,7,9,10,11,12,13,17,20,21,22,26,27,28,29,30,31,32,33,34,35,36,37,38,42,44,45,46,47,48,50,51,52,53,55,56,57,58,59,60,61,62,64,65,66,67,69,70,71,73,74,76,77,79,83,84,85,86,87,88,89,90,91,92,94,95,96,98,99,100,101,102,104,106
60,1,2,3,5,6,7,9,10,11,12,13,16,17,20,21,22,26,27,28,29,30,31,32,33,34,35,36,38,42,44,45,46,47,48,50,51,52,53,55,56,57,58,59,61,62,65,66,67,69,70,71,73,74,76,77,79,83,84,85,86,87,88,89,90,91,92,94,95,96,98,99,100,101,102,104,106
61,1,3,5,6,7,9,10,11,12,13,16,17,20,21,22,26,27,28,29,30,31,32,33,34,35,36,38,42,44,46,47,48,50,51,52,53,55,56,57,58,59,61,62,64,65,66,67,69,70,71,73,74,76,77,79,83,84,85,86,87,88,89,90,91,92,94,95,96,98,99,100,101,102,104,106
62,1,3,5,6,7,9,10,11,12,13,16,17,20,21,22,26,27,28,29,30,31,32,33,34,35,36,38,42,44,45,46,47,48,50,51,52,53,55,56,57,58,59,61,62,64,65,66,67,69,70,71,73,74,76,77,79,83,84,85,86,87,88,89,90,91,92,94,95,96,98,100,101,102,104,106
63,1,3,5,6,7,9,10,11,12,13,16,17,20,21,22,26,27,28,29,30,31,32,33,34,35,36,37,38,42,44,45,46,47,48,50,51,52,53,55,56,57,58,59,61,62,65,66,67,69,70,71,73,74,76,77,79,83,84,85,86,87,88,89,90,91,92,94,95,96,98,99,100,101,102,104,105
64,1,2,3,5,6,7,9,10,11,12,13,16,17,20,21,22,26,27,28,29,30,31,32,33,34,35,36,37,38,42,44,46,47,48,50,51,52,53,55,56,57,58,59,61,62,65,66,67,69,70,71,73,74,76,77,79,83,85,86,87,88,89,90,91,92,94,95,96,98,99,100,101,102,104,105
65,1,2,3,5,6,7,9,10,11,12,13,16,17,20,21,22,26,27,28,29,30,31,32,33,34,35,36,37,38,42,44,45,46,47,48,50,51,52,53,55,56,57,58,59,61,62,65,66,67,69,70,71,73,74,76,77,79,83,85,86,87,88,89,90,91,92,94,95,96,98,100,101,102,104,105
66,1,2,3,5,6,7,9,10,11,12,13,16,17,20,21,22,26,27,28,29,30,31,32,33,34,35,36,37,38,42,44,46,47,48,50,51,52,53,55,56,57,58,59,61,62,65,66,67,69,70,71,73,74,76,77,83,84,85,86,87,88,89,90,91,92,94,95,96,98,99,100,101,102,104
67,1,3,5,6,7,9,10,11,12,13,16,17,20,21,22,26,27,28,29,30,31,32,33,34,35,36,37,38,42,44,46,47,48,50,51,52,53,55,56,57,58,59,61,62,65,66,67,69,70,71,73,74,76,77,79,83,84,85,86,87,88,89,90,91,92,94,95,96,98,100,101,102,104,105
68,1,3,5,6,7,9,10,11,12,13,16,17,20,21,22,26,27,28,29,30,31,32,33,34,35,36,37,38,42,44,46,47,48,50,51,52,53,55,56,57,58,59,60,61,62,64,65,66,67,69,70,71,73,74,76,77,79,83,85,86,87,88,89,90,91,92,94,95,96,98,99,100,101,102,104
69,1,3,5,6,7,9,10,11,12,13,16,17,20,21,22,26,27,28,29,30,31,32,33,34,35,36,37,38,42,44,46,47,48,50,51,52,53,55,56,57,58,59,61,62,64,65,67,69,70,71,73,74,76,77,79,83,84,85,86,87,88,89,90,91,92,94,95,96,98,100,101,102,104
70,1,3,5,6,7,9,10,11,12,13,16,17,20,21,26,27,28,29,30,31,32,33,34,35,36,37,38,39,42,44,46,47,48,50,51,52,53,55,56,57,58,59,61,62,65,66,67,69,70,71,73,74,76,77,79,83,85,86,87,88,89,90,91,92,94,95,96,98,99,100,101,102,104
71,1,2,3,5,6,7,9,10,11,12,13,16,17,20,21,22,26,27,28,29,30,31,32,33,34,35,36,37,38,42,44,46,47,48,50,51,52,53,55,56,57,58,59,61,62,65,66,67,69,70,71,73,74,76,77,79,83,85,86,87,88,89,90,91,92,94,95,96,98,100,101,102,104,106
72,1,2,3,5,6,7,9,10,11,12,13,16,17,20,21,22,26,27,28,29,30,31,32,33,34,35,36,37,38,42,44,46,47,48,50,51,52,53,55,56,57,58,59,60,61,62,65,66,67,69,70,71,73,74,76,77,79,83,85,86,87,88,89,90,91,92,94,95,96,98,100,101,102,104,106
73,1,3,5,6,7,9,10,11,12,13,16,17,20,21,22,26,27,28,29,30,31,32,33,34,35,36,37,38,41,42,44,46,47,48,50,51,52,53,55,56,57,58,59,60,61,62,65,67,69,70,71,73,74,76,77,83,85,86,87,88,89,90,91,92,94,95,96,98,100,101,102,104
74,1,3,5,6,7,9,10,11,12,13,16,17,20,21,22,26,27,28,29,30,31,32,33,34,35,36,37,38,41,42,44,46,47,48,50,51,52,53,55,56,57,58,59,60,61,62,65,67,69,70,71,73,74,76,77,79,83,85,86,87,89,90,91,92,94,95,96,98,100,101,102,104
