# Pareto front points: solution index, citizen satisfaction, alignment
1,17089.0,5.44312
2,17791.0,5.42596
3,18536.0,5.39553
4,18715.0,5.383830000000001
5,19030.0,5.333880000000001
6,19032.0,5.187060000000001
7,19197.0,5.14434
8,19328.0,5.08269
# Nash solution index
5
# Kalai-Smordinsky solution index
5
# Szymkiewicz–Simpson coefficients
# Nash vs citizen satisfaction
0.9047619047619048
# Kalai-Smordinsky vs citizen satisfaction
0.9047619047619048
# solution index , list of selected proposals
1,2,3,5,6,7,8,10,12,13,14,15,16,17,18,19,20,21,22,23,24,26
2,1,2,3,5,6,7,8,10,12,13,14,15,17,18,19,20,21,22,23,24,26
3,2,3,5,6,7,8,9,10,12,13,14,15,17,18,19,20,21,22,23,24,26
4,1,2,3,5,6,7,8,9,10,12,13,14,15,17,18,20,21,22,23,24,26
5,1,2,3,5,6,7,8,9,10,13,14,15,17,18,19,20,21,22,23,24,26
6,1,2,3,5,6,7,8,9,10,14,17,18,19,20,21,22,23,24,25,26
7,1,3,4,5,6,7,8,9,10,12,14,15,17,18,19,20,21,22,23,24,26
8,1,3,4,5,6,7,8,9,10,13,14,17,18,19,20,21,22,23,24,25,26
