# Pareto front points: solution index, citizen satisfaction, alignment
1,33334.0,7.748469999999999
2,33222.0,8.806909999999998
3,32968.0,9.8199
4,31940.0,10.850129999999998
# Nash solution index
4
# Kalai-Smordinsky solution index
4
# Szymkiewicz–Simpson coefficients
# Nash vs citizen satisfaction
1.0
# Kalai-Smordinsky vs citizen satisfaction
1.0
# solution index , list of selected proposals
1,1,2,3,7,9,12,13,14,15,19,20,21,22,30,31,32,33,34,39,40,44,46,47,48,49,51,52,54,56,57,59,65,66,67
2,1,2,3,7,9,12,13,14,15,19,20,21,22,23,27,30,31,32,33,34,37,38,39,40,41,44,46,47,48,49,50,51,52,54,56,59,65,66,67
3,1,2,3,5,7,9,10,11,12,13,14,15,19,20,21,22,23,27,30,31,32,33,34,39,40,41,44,46,47,48,49,50,51,52,54,56,59,65,66,67
4,1,3,5,6,7,9,10,11,13,14,15,20,21,22,23,25,30,31,32,33,34,39,40,41,42,44,45,46,47,48,49,50,51,52,54,56,59,65,66,67
